,Flare_Number,Flare_ID,Trigger_Time,Max_FOXSI,Mean_FOXSI,Max_HiC,Mean_HiC,Max_FOXSI_C5,Mean_FOXSI_C5,Max_HiC_C5,Mean_HiC_C5,Flare_C5,Flare_Class,Flare_Max_Flux,Peak_Time,Start_to_Peak,Background_Flux,Flare_C5_10min
0,56.0,201702221258.0,541042080.0,3.460314019321231e-06,3.0486232844850747e-06,3.144769607388298e-06,2.6987720502802404e-06,False,False,False,False,True,C6.3,6.3901207e-06,2017-02-22T13:27:00.000,29.0,1.3743063220772456e-07,True
1,251.0,201704012131.0,544355400.0,5.7363155065104365e-05,4.811548933503218e-05,5.059203249402344e-05,4.0641174564370885e-05,True,True,True,True,True,M6.8,6.87118e-05,2017-04-01T21:48:00.000,17.0,9.480689868723857e-07,True
2,261.0,201704020742.0,544392240.0,4.61141207779292e-05,3.88182197639253e-05,3.937993824365549e-05,3.449951691436581e-05,True,True,True,True,True,M8.3,8.383287e-05,2017-04-02T08:02:00.000,20.0,1.4673271380161168e-06,True
4,265.0,201704021455.0,544417800.0,5.568918822973501e-06,5.357519057724858e-06,5.422378762887092e-06,5.15205238116323e-06,True,True,True,True,True,C6.5,6.5182544e-06,2017-04-02T15:08:00.000,13.0,4.160148364462657e-06,True
5,268.0,201704021845.0,544431240.0,2.7259688067715615e-05,2.6107809389941394e-05,2.63352721958654e-05,2.532560938561801e-05,True,True,True,True,True,M3.2,3.239735e-05,2017-04-02T18:52:00.000,7.0,2.7225098165217787e-05,True
6,274.0,201704030453.0,544467900.0,5.9130093177373055e-06,5.74953173781978e-06,5.7167526392731816e-06,5.68121686228551e-06,True,True,True,True,True,,7.515175e-06,2017-04-03T05:03:00.000,10.0,2.8690283215837553e-06,True
7,275.0,201704030516.0,544467900.0,5.9130093177373055e-06,5.750607670051977e-06,7.47163994674338e-06,6.109419246058678e-06,True,True,True,True,False,,3.3803126e-06,2017-04-03T06:35:00.000,79.0,5.601833890978014e-06,True
8,276.0,201704030635.0,544474080.0,5.655012500938028e-06,5.358517682907404e-06,5.413237431639573e-06,5.11521966473083e-06,True,True,True,True,True,,7.791969e-06,2017-04-03T06:52:00.000,17.0,3.871974058711203e-06,True
9,298.0,201704040700.0,544562040.0,3.6908852507622214e-06,3.497314310152433e-06,3.5088080494460883e-06,3.398871513127233e-06,False,False,False,False,True,C5.8,5.863745e-06,2017-04-04T07:12:00.000,12.0,1.0839474953172612e-06,False
11,332.0,201704061202.0,544752720.0,4.232043920637807e-06,3.823436145466985e-06,3.88068838219624e-06,3.543430239005829e-06,False,False,False,False,True,C8.6,8.650007e-06,2017-04-06T12:10:00.000,8.0,3.1955863732946455e-07,True
12,404.0,201704181915.0,545818260.0,7.553386694780784e-06,7.181711680459557e-06,7.252142950164853e-06,6.878666226839414e-06,True,True,True,True,True,C8.4,8.455594e-06,2017-04-18T20:10:00.000,55.0,2.1760841661944141e-07,True
14,846.0,201707132146.0,553255020.0,1.6945932657108642e-06,1.3116954278302728e-06,1.3582323390437523e-06,1.0712515177146997e-06,False,False,False,False,True,C9.3,9.327229e-06,2017-07-13T21:55:00.000,9.0,4.949567937728716e-07,False
15,848.0,201707140105.0,553270200.0,3.6431494663702324e-05,3.581782220862806e-05,3.604653829825111e-05,3.523561099427752e-05,True,True,True,True,True,M3.7,3.765344e-05,2017-07-14T02:09:00.000,64.0,2.1537948668992613e-06,True
16,1039.0,201708181944.0,556358640.0,6.047566785127856e-06,5.643032636726275e-06,5.727870302507654e-06,5.317056547937682e-06,True,True,True,True,True,C6.9,6.9565394e-06,2017-08-18T20:02:00.000,18.0,6.333386863843771e-07,True
17,1043.0,201708190126.0,556378800.0,3.686173158712336e-06,3.144156607959303e-06,3.2427401492896024e-06,2.7556941404327517e-06,False,False,False,False,True,C5.5,5.571371e-06,2017-08-19T01:37:00.000,11.0,5.053243512520567e-07,False
18,1060.0,201708192124.0,556451760.0,6.154857146611903e-06,5.027178758609807e-06,5.158098247193266e-06,4.251412519806763e-06,True,True,True,False,True,M1.1,1.1198944e-05,2017-08-19T21:55:00.000,31.0,6.571296466972854e-07,True
19,1062.0,201708200134.0,556465980.0,1.1151448234159034e-05,9.356605005450547e-06,9.625097845855635e-06,8.110627277346794e-06,True,True,True,True,True,M1.8,1.8591947e-05,2017-08-20T01:52:00.000,18.0,8.63975401443895e-07,True
20,1184.0,201708301830.0,557390820.0,1.743675511534093e-06,1.403251189913135e-06,1.4365206197908265e-06,1.185385031021724e-06,False,False,False,False,True,C8.2,8.250815e-06,2017-08-30T18:45:00.000,15.0,3.0180191856743477e-07,False
21,1228.0,201709021520.0,557638980.0,7.872737114666961e-06,6.943730568309547e-06,7.077733698679367e-06,6.306271188805113e-06,True,True,True,True,True,M1.1,1.1840938e-05,2017-09-02T15:41:00.000,21.0,4.974916691935505e-07,True
22,1248.0,201709041147.0,557799060.0,1.2698179489234462e-05,1.1743593859137036e-05,1.2698179489234462e-05,1.205544776894385e-05,True,True,True,True,True,C8.5,8.5365855e-06,2017-09-04T12:09:00.000,22.0,2.512065520932083e-06,True
23,1249.0,201709041212.0,557799060.0,1.2761156540364027e-05,1.1913187336176634e-05,1.2956003047293052e-05,1.2460528523661196e-05,True,True,True,True,True,M1.2,1.2260593e-05,2017-09-04T12:16:00.000,4.0,8.19435535959201e-06,True
24,1250.0,201709041220.0,557799060.0,1.2761156540364027e-05,1.1913187336176634e-05,1.2956003047293052e-05,1.2460528523661196e-05,True,True,True,True,True,M1.2,1.2889551e-05,2017-09-04T12:25:00.000,5.0,1.1185922630829737e-05,True
25,1251.0,201709041509.0,557810340.0,2.329794551769737e-05,1.4229604857973754e-05,2.329794551769737e-05,1.9794932086369954e-05,True,True,True,True,True,C5.0,5.0728972e-06,2017-09-04T15:17:00.000,8.0,2.9499567517632386e-06,False
26,1252.0,201709041524.0,557810340.0,2.329794551769737e-05,1.468191112508066e-05,2.329794551769737e-05,1.6441174011561088e-05,True,True,True,True,True,M2.3,2.3230836e-05,2017-09-04T15:30:00.000,6.0,4.618990715243854e-06,True
27,1255.0,201709041716.0,557818860.0,5.6035423767752945e-06,5.211002644500695e-06,5.256893473415403e-06,4.976363925379701e-06,True,True,True,False,True,C9.3,9.330422e-06,2017-09-04T17:39:00.000,23.0,2.543574964875006e-06,True
29,1257.0,201709041812.0,557820840.0,1.5781266483827494e-05,1.4172214832797181e-05,1.4542520148097537e-05,1.2924334441777319e-05,True,True,True,True,True,M1.5,1.5713755e-05,2017-09-04T18:22:00.000,10.0,8.038347914407495e-06,True
30,1258.0,201709041925.0,557825940.0,2.1288591597112827e-05,1.966037780221086e-05,1.9897051970474422e-05,1.855802292993758e-05,True,True,True,True,True,M2.6,2.681511e-05,2017-09-04T19:37:00.000,12.0,1.8677559637580998e-05,True
31,1260.0,201709042022.0,557829780.0,4.706322943093255e-05,4.6419125283136964e-05,4.580058157444e-05,4.580058157444e-05,True,True,True,True,True,M8.4,8.48785e-05,2017-09-04T20:33:00.000,11.0,2.0442350432858802e-05,True
32,1261.0,201709042209.0,557835360.0,2.142560333595611e-05,2.0155866877757944e-05,2.020655301748775e-05,1.95203010662226e-05,True,True,True,True,True,M3.3,3.3068853e-05,2017-09-04T22:14:00.000,5.0,2.132465670001693e-05,True
34,1266.0,201709050339.0,557854080.0,8.617766980023589e-06,8.332207471539732e-06,9.729902558319736e-06,8.753121619520243e-06,True,True,True,True,True,M1.5,1.5586178e-05,2017-09-05T03:51:00.000,12.0,8.223463737522252e-06,True
35,1268.0,201709050633.0,557867100.0,9.624308404454496e-06,9.310656423622277e-06,9.335708455182612e-06,9.133892490353901e-06,True,True,True,True,True,M5.8,5.8656748e-05,2017-09-05T06:40:00.000,7.0,5.138183951203246e-06,True
36,1285.0,201709060852.0,557961120.0,0.00012017882545478642,0.00011428492143750191,0.00012154816067777574,0.00011552099749678746,True,True,True,True,True,X3.2,0.00032232684,2017-09-06T09:10:00.000,18.0,4.288362106308341e-06,True
37,1287.0,201709061551.0,557987760.0,1.9725192032638006e-05,1.883840923255775e-05,1.8987771909451112e-05,1.8109307347913273e-05,True,True,True,True,True,M4.0,4.027113e-05,2017-09-06T15:56:00.000,5.0,1.900242205010727e-05,True
38,1288.0,201709061917.0,557997180.0,1.8523256585467607e-05,1.4744084182893857e-05,2.0468756702030078e-05,1.7683274563751183e-05,True,True,True,True,True,M2.2,2.224219e-05,2017-09-06T19:30:00.000,13.0,9.099079761654139e-06,True
40,1290.0,201709062329.0,558012420.0,1.9492072169668972e-05,1.4028093573870137e-05,1.9492072169668972e-05,1.6554136891500093e-05,True,True,True,True,True,M1.9,1.9441684e-05,2017-09-06T23:39:00.000,10.0,5.259671979729319e-06,True
42,1296.0,201709070948.0,558050160.0,3.412568503335933e-06,3.0323815281008137e-06,3.000840024469653e-06,2.86526278614474e-06,False,False,False,False,True,M2.3,2.3147917e-05,2017-09-07T09:54:00.000,6.0,2.0368747755128425e-06,False
43,1302.0,201709071416.0,558067080.0,0.00011877037468366325,0.00011789563723141328,0.00011877037468366325,0.00011688770609907806,True,True,True,True,True,X2.1,0.00021885491,2017-09-07T14:36:00.000,20.0,1.4748017065358e-06,True
44,1304.0,201709071822.0,558081000.0,6.67823906042031e-06,5.28260306964512e-06,7.089254722814076e-06,6.020939963491401e-06,True,True,True,True,True,C8.1,8.105214e-06,2017-09-07T18:28:00.000,6.0,5.4180000006454065e-06,True
45,1305.0,201709071840.0,558081000.0,6.67823906042031e-06,5.28260306964512e-06,7.089254722814076e-06,6.020939963491401e-06,True,True,True,True,True,C7.0,7.040822e-06,2017-09-07T18:44:00.000,4.0,4.6586555981775746e-06,True
46,1313.0,201709072350.0,558100860.0,4.24181271228008e-05,3.603917139116675e-05,3.7171703297644854e-05,3.123562419204973e-05,True,True,True,True,True,M6.0,6.0714683e-05,2017-09-07T23:59:00.000,9.0,2.150128466382739e-06,True
47,1330.0,201709082330.0,558186420.0,1.8199025362264365e-05,1.519546003692085e-05,1.555353810545057e-05,1.298761799262138e-05,True,True,True,True,True,M3.3,3.346909e-05,2017-09-08T23:45:00.000,15.0,1.6863218661455903e-06,True
48,1334.0,201709090356.0,558201780.0,5.060776857135352e-06,4.318634182709502e-06,6.901949745952152e-06,5.0880021262855735e-06,True,False,True,True,True,C6.5,6.5389886e-06,2017-09-09T04:01:00.000,5.0,3.2763159651949536e-06,False
49,1335.0,201709090413.0,558201780.0,5.060776857135352e-06,4.318634182709502e-06,6.901949745952152e-06,5.0880021262855735e-06,True,False,True,True,True,M1.7,1.7329297e-05,2017-09-09T04:28:00.000,15.0,3.815204763668589e-06,True
50,1339.0,201709091046.0,558227220.0,3.587724131648429e-05,3.437320265220478e-05,3.379920599400066e-05,3.346834273543209e-05,True,True,True,True,True,M5.8,5.8746886e-05,2017-09-09T11:04:00.000,18.0,1.914577069328516e-06,True
51,1340.0,201709091119.0,558227220.0,3.587724131648429e-05,3.402572110644542e-05,3.791832932620309e-05,3.451947122812271e-05,True,True,True,True,True,M4.6,4.6260717e-05,2017-09-09T11:26:00.000,7.0,3.2813863072078675e-05,True
52,1346.0,201709092057.0,558263580.0,5.56077702640323e-06,5.0103308240068145e-06,5.122915354149882e-06,4.581587745633442e-06,True,True,True,False,True,C7.3,7.341783e-06,2017-09-09T21:11:00.000,14.0,1.8860075670090737e-06,True
53,1347.0,201709092236.0,558270840.0,1.5860021449043415e-05,1.560942291689571e-05,1.5660862118238583e-05,1.5389608961413614e-05,True,True,True,True,True,M1.5,1.5941661e-05,2017-09-09T23:17:00.000,41.0,3.9527662920590956e-06,True
54,1360.0,201709101534.0,558331620.0,0.0010723848827183247,0.0009960407624021173,0.0010115624172613025,0.0009359628893435001,True,True,True,True,True,X12.9,0.001293521,2017-09-10T16:06:00.000,32.0,6.74522766530572e-07,True
55,2042.0,201901300556.0,602100780.0,3.055433808185626e-06,2.688860377020319e-06,2.7074117951997323e-06,2.480172952346038e-06,False,False,False,False,True,,8.233701e-06,2019-01-30T06:11:00.000,15.0,1.956161810312551e-07,False
56,3077.0,202105221703.0,674975580.0,1.2645280094147893e-06,9.185629892272118e-07,8.993976621241018e-07,7.700828632550838e-07,False,False,False,False,True,M1.1,1.190033e-05,2021-05-22T17:11:00.000,8.0,3.4732767062450876e-07,False
57,3184.0,202105282219.0,675515700.0,9.211528777086642e-06,9.147827768174466e-06,9.136750122706871e-06,9.123536983679514e-06,True,True,True,True,True,C9.4,9.4639845e-06,2021-05-28T23:13:00.000,54.0,3.5562507605391147e-07,True
58,3299.0,202107030214.0,678551580.0,1.8105068875229335e-06,1.3057028809271287e-06,1.3531372360375826e-06,9.971141707865172e-07,False,False,False,False,True,C5.7,5.7176712e-06,2021-07-03T02:31:00.000,17.0,2.193903156921806e-07,False
59,3302.0,202107030704.0,678568680.0,7.45181796446559e-06,5.373643944039941e-06,6.56167230772553e-06,3.6817018553847447e-06,True,True,True,False,True,M2.7,2.7347016e-05,2021-07-03T07:17:00.000,13.0,3.4340794741183345e-07,True
60,3357.0,202107091031.0,679099920.0,1.908534159156261e-06,1.2484878197938087e-06,1.2829730167140951e-06,8.834619507069874e-07,False,False,False,False,True,,7.0200804e-06,2021-07-09T10:50:00.000,19.0,8.18114429534944e-08,False
61,3577.0,202108272039.0,683370660.0,6.2266776694741566e-06,5.909283117944142e-06,5.9584258451650385e-06,5.668278390658088e-06,True,True,True,True,True,C7.3,7.3963306e-06,2021-08-27T21:09:00.000,30.0,4.301467129153025e-07,True
63,3579.0,202108290034.0,683469300.0,7.5020716394647025e-06,7.087778158165747e-06,7.389383881672984e-06,6.551149908773368e-06,True,True,True,True,True,C7.4,7.436158e-06,2021-08-29T00:44:00.000,10.0,5.038133167545311e-06,True
64,3667.0,202109081711.0,684394320.0,6.091598152124789e-06,5.453997346194228e-06,5.567972493736306e-06,4.982413429388544e-06,True,True,True,False,True,C8.3,8.342686e-06,2021-09-08T17:30:00.000,19.0,3.011730882462871e-07,True
65,3969.0,202110251947.0,688463880.0,7.366375029960182e-07,6.710758952976903e-07,6.641850518462888e-07,6.451903118431801e-07,False,False,False,False,True,C8.5,8.57363e-06,2021-10-25T19:56:00.000,9.0,4.337103689522337e-07,False
66,3988.0,202110270547.0,688587000.0,5.754488938691793e-06,4.893184723187005e-06,5.059180239186389e-06,4.223014457238605e-06,True,False,True,False,True,C8.5,8.511597e-06,2021-10-27T06:08:00.000,21.0,3.0131852781778434e-06,True
68,4019.0,202110290600.0,688759740.0,4.4929879550181795e-06,3.7556903862423496e-06,3.8490566112159286e-06,3.2437255867989734e-06,False,False,False,False,True,C5.9,5.9936065e-06,2021-10-29T06:07:00.000,7.0,4.644726686819922e-06,True
69,4049.0,202111020203.0,689093520.0,1.7186304830829613e-05,1.6899088222999126e-05,1.711575168883428e-05,1.679072192928288e-05,True,True,True,True,True,M1.6,1.669918e-05,2021-11-02T02:51:00.000,48.0,1.6097384332169895e-06,True
70,4050.0,202111020257.0,689093520.0,1.7186304830829613e-05,1.6899088222999126e-05,1.711575168883428e-05,1.648713805479929e-05,True,True,True,True,True,M1.7,1.7176577e-05,2021-11-02T03:01:00.000,4.0,1.6243520803982392e-05,True
71,4226.0,202112050658.0,691960860.0,1.0197560186497867e-05,8.964344488049392e-06,9.188593139697332e-06,8.088907634373754e-06,True,True,True,True,True,M1.4,1.447015e-05,2021-12-05T07:19:00.000,21.0,8.100894319795771e-07,True
72,4290.0,202112170039.0,692974380.0,4.109634119231487e-06,3.5840300824929727e-06,3.677936092572054e-06,3.1917916203383356e-06,False,False,False,False,True,M1.2,1.2928216e-05,2021-12-17T00:51:00.000,12.0,9.610276947569218e-07,False
73,4322.0,202112201112.0,693272280.0,1.5293355318135582e-05,1.3620675417769235e-05,1.3827434486302081e-05,1.2272616004338488e-05,True,True,True,True,True,M1.8,1.8997242e-05,2021-12-20T11:36:00.000,24.0,6.858904271211941e-07,True
74,4359.0,202112240325.0,693589440.0,3.4198526464024326e-06,2.817308086378034e-06,2.86628869616834e-06,2.46018271354842e-06,False,False,False,False,True,C7.4,7.463167e-06,2021-12-24T03:42:00.000,17.0,2.0524732917692745e-06,True
76,4361.0,202112240620.0,693599340.0,4.355779765319312e-06,4.2684978325269185e-06,4.355779765319312e-06,4.183088094578125e-06,False,False,False,False,True,C5.8,5.813569e-06,2021-12-24T06:27:00.000,7.0,1.0859407666430343e-06,False
77,4484.0,202201140147.0,695397900.0,9.223069355357438e-06,8.056775186560117e-06,8.216449714382179e-06,7.331961114687147e-06,True,True,True,True,True,M1.8,1.8399107e-05,2022-01-14T02:03:00.000,16.0,4.913426892017014e-07,True
78,4516.0,202201181701.0,695799960.0,1.376238105876837e-05,1.3096579095872585e-05,1.3233623576525133e-05,1.2568708370963577e-05,True,True,True,True,True,M1.5,1.53123e-05,2022-01-18T17:44:00.000,43.0,3.577626443984627e-07,True
80,4632.0,202201291203.0,696730560.0,5.985690677334787e-06,5.313737347023562e-06,5.4602483032795135e-06,4.774003627971979e-06,True,True,True,False,True,C6.9,6.907391e-06,2022-01-29T12:14:00.000,11.0,1.563138198434899e-06,True
81,4643.0,202201292245.0,696771180.0,1.105020783143118e-05,1.0833919077413157e-05,1.087638065655483e-05,1.0747956366685685e-05,True,True,True,True,True,M1.1,1.1379663e-05,2022-01-29T23:32:00.000,47.0,2.775158691292745e-06,True
82,4677.0,202202011510.0,697001340.0,4.226092642056756e-06,3.885654678015271e-06,3.902454864146421e-06,3.586027332858066e-06,False,False,False,False,True,,6.576728e-06,2022-02-01T15:27:00.000,17.0,1.0648778925315128e-06,True
83,4684.0,202202012244.0,697027980.0,5.718709417124046e-06,5.62084323973977e-06,5.67423012398649e-06,5.518062152987113e-06,True,True,True,True,True,,6.035504e-06,2022-02-01T22:51:00.000,7.0,5.731556029786589e-06,True
85,4770.0,202202121719.0,697958880.0,7.030805136309937e-06,6.795622994104633e-06,6.862471764179645e-06,6.5954627643805e-06,True,True,True,True,True,C8.0,8.099697e-06,2022-02-12T17:26:00.000,7.0,5.72328735870542e-06,True
86,4783.0,202202132127.0,698060640.0,4.054624241689453e-06,3.6039898532180814e-06,3.6443341286940267e-06,3.3168432764796307e-06,False,False,False,False,True,C7.1,7.143328e-06,2022-02-13T21:42:00.000,15.0,6.432881605178409e-07,True
87,4833.0,202202252114.0,699097320.0,3.0443566174653824e-06,2.598879291326739e-06,2.6804261779034277e-06,2.265425564473844e-06,False,False,False,False,True,C5.1,5.1728425e-06,2022-02-25T21:40:00.000,26.0,2.377840360168193e-07,False
88,4877.0,202203021731.0,699514860.0,8.20349760033423e-06,6.691652743029408e-06,6.911956461408408e-06,5.704634531866759e-06,True,True,True,True,True,M2.0,2.0216432e-05,2022-03-02T17:39:00.000,8.0,3.8060369433878805e-07,True
89,4921.0,202203112213.0,700310040.0,3.6450778679864015e-06,2.936477585535613e-06,2.9626864943566034e-06,2.5635388283262728e-06,False,False,False,False,True,M2.2,2.296697e-05,2022-03-11T22:32:00.000,19.0,7.034177542664111e-07,True
90,4946.0,202203152239.0,700656480.0,4.660667400457896e-06,4.030775926366914e-06,4.066804194735596e-06,3.6712460769194877e-06,False,False,False,False,True,M1.5,1.5921785e-05,2022-03-15T22:46:00.000,7.0,3.7399877328425646e-07,True
91,4979.0,202203221215.0,701225040.0,5.9500507632037625e-06,5.111357950227102e-06,5.300153588905232e-06,4.453552264749305e-06,True,True,True,False,True,C7.0,7.0319675e-06,2022-03-22T12:42:00.000,27.0,6.386293875948468e-07,True
92,5014.0,202203281058.0,701739060.0,2.538488661230076e-05,2.253423008369282e-05,2.2951853679842316e-05,2.05633641598979e-05,True,True,True,True,True,M4.0,4.0606992e-05,2022-03-28T11:29:00.000,31.0,8.042014769671368e-07,True
93,5016.0,202203281703.0,701759760.0,9.795216101338156e-06,8.74428133101901e-06,9.175986633636057e-06,7.70683072914835e-06,True,True,True,True,True,C9.8,9.88722e-06,2022-03-28T17:13:00.000,10.0,3.100841695413692e-06,True
94,5017.0,202203281732.0,701760060.0,7.326297236431856e-06,6.683782430627616e-06,8.577096195949707e-06,7.135273335734382e-06,True,True,True,True,True,M1.0,1.0043233e-05,2022-03-28T17:41:00.000,9.0,6.125145318947034e-06,True
95,5018.0,202203281848.0,701766120.0,9.245907676813658e-06,7.152376838348573e-06,9.736184438224882e-06,8.630752745375503e-06,True,True,True,True,True,C6.3,6.3493953e-06,2022-03-28T19:00:00.000,12.0,2.2453089059126796e-06,True
96,5019.0,202203281908.0,701766120.0,9.245907676813658e-06,7.152376838348573e-06,9.736184438224882e-06,8.630752745375503e-06,True,True,True,True,True,M1.0,1.0395133e-05,2022-03-28T19:23:00.000,15.0,4.177125447313301e-06,True
97,5020.0,202203282049.0,701773260.0,8.139412784657907e-06,7.480757631128654e-06,7.598945103381993e-06,7.007678050285904e-06,True,True,True,True,True,M1.1,1.112043e-05,2022-03-28T20:59:00.000,10.0,5.66106655242038e-06,True
98,5022.0,202203290008.0,701785200.0,5.110710844746791e-06,4.907402853859821e-06,4.978637207386782e-06,4.693603841587901e-06,True,False,False,False,True,C5.9,5.904498e-06,2022-03-29T00:21:00.000,13.0,2.731830591073958e-06,True
99,5023.0,202203290057.0,701788380.0,1.560783857712522e-05,1.3941320503363386e-05,1.3978180504636839e-05,1.2805771802959498e-05,True,True,True,True,True,M2.2,2.219018e-05,2022-03-29T01:11:00.000,14.0,4.2299066080886405e-06,True
100,5043.0,202203292245.0,701866800.0,3.536757049005246e-06,3.16227124130819e-06,3.2582595395069802e-06,2.845936933226767e-06,False,False,False,False,True,C6.7,6.7624214e-06,2022-03-29T22:58:00.000,13.0,1.4677285662401118e-06,False
101,5054.0,202203301721.0,701933940.0,5.432923717307858e-05,4.603467823471874e-05,4.6635366743430495e-05,4.076785990037024e-05,True,True,True,True,True,X1.3,0.00013797796,2022-03-30T17:37:00.000,16.0,1.3100129763188306e-06,True
102,5065.0,202203311929.0,702027300.0,5.033748493588064e-06,4.750816060550278e-06,4.86469571114867e-06,4.478999471757561e-06,True,False,False,False,True,C5.4,5.466094e-06,2022-03-31T19:33:00.000,4.0,3.2516970804863377e-06,False
103,5109.0,202204151031.0,703292580.0,1.2735434211208485e-05,1.2565860743052326e-05,1.2735434211208485e-05,1.2638350199267734e-05,True,True,True,True,True,M1.2,1.2792889e-05,2022-04-15T11:01:00.000,30.0,1.5759620737298974e-06,True
104,5110.0,202204151107.0,703292580.0,1.2799768228433095e-05,1.2604846233443823e-05,1.3057758224022109e-05,1.2775431969203055e-05,True,True,True,True,True,M2.2,2.2094415e-05,2022-04-15T11:49:00.000,42.0,1.2330341633060016e-05,True
105,5111.0,202204151347.0,703301700.0,1.2065665032423567e-05,1.1859457117679995e-05,1.2213108675496187e-05,1.1871619790326804e-05,True,True,True,True,True,M1.9,1.9711175e-05,2022-04-15T13:59:00.000,12.0,1.153942048404133e-05,True
106,5118.0,202204160847.0,703371720.0,3.7939487356197787e-06,3.621791393015883e-06,3.654106649264577e-06,3.4888319078163477e-06,False,False,False,False,True,C6.9,6.9840085e-06,2022-04-16T09:00:00.000,13.0,2.0686893549282104e-06,False
107,5123.0,202204161449.0,703393080.0,6.586267772945575e-06,5.841204256284982e-06,5.996892468829174e-06,5.309756943461252e-06,True,True,True,True,True,M1.0,1.034847e-05,2022-04-16T14:56:00.000,7.0,1.6929384401009884e-06,True
108,5124.0,202204180029.0,703514280.0,4.100433670828352e-06,3.698192585943616e-06,4.0730383261688985e-06,3.6407229799806373e-06,False,False,False,False,True,C5.9,5.942555e-06,2022-04-18T00:36:00.000,7.0,2.1343116713978816e-06,False
109,5125.0,202204180050.0,703514280.0,4.100433670828352e-06,3.698192585943616e-06,4.0730383261688985e-06,3.6407229799806373e-06,False,False,False,False,True,C5.2,5.226848e-06,2022-04-18T00:56:00.000,6.0,3.4083486752933823e-06,False
110,5128.0,202204180301.0,703524060.0,5.5270406846830156e-06,5.123933078721166e-06,5.221304036240326e-06,4.827986685995711e-06,True,True,True,False,True,C8.5,8.568086e-06,2022-04-18T03:19:00.000,18.0,1.7548005644130171e-06,True
111,5132.0,202204180737.0,703540200.0,7.154072136472678e-06,7.109949820005568e-06,7.154072136472678e-06,7.026245384622598e-06,True,True,True,True,True,M1.3,1.3610557e-05,2022-04-18T07:48:00.000,11.0,1.2911439171148231e-06,True
112,5134.0,202204181004.0,703549740.0,1.0347021998313721e-05,9.453339771425817e-06,9.648788363847416e-06,8.718317985767499e-06,True,True,True,True,True,M1.1,1.1895144e-05,2022-04-18T10:27:00.000,23.0,1.4056861346034566e-06,True
114,5143.0,202204200107.0,703689360.0,3.9494825614383444e-05,2.673195740499068e-05,5.2203140512574464e-05,3.7995832826709375e-05,True,True,True,True,True,M1.2,1.2880005e-05,2022-04-20T01:14:00.000,7.0,3.0512978810293134e-06,True
115,5144.0,202204200120.0,703689360.0,3.9494825614383444e-05,2.673195740499068e-05,5.2203140512574464e-05,3.7995832826709375e-05,True,True,True,True,True,M7.2,7.2949086e-05,2022-04-20T01:36:00.000,16.0,7.801263564033434e-06,True
116,5146.0,202204200341.0,703699140.0,5.6775170378386974e-05,3.8174261135281995e-05,4.0344773879041895e-05,2.597134152892977e-05,True,True,True,True,True,X2.2,0.00022465806,2022-04-20T03:57:00.000,16.0,1.823508341658453e-06,True
117,5154.0,202204201739.0,703749480.0,6.5442754930700175e-06,6.263805971684633e-06,6.445314284064807e-06,5.995001174596837e-06,True,True,True,True,True,C7.7,7.728972e-06,2022-04-20T17:56:00.000,17.0,3.737286533578299e-06,True
118,5155.0,202204201833.0,703751040.0,7.711374564678408e-06,6.004445367580047e-06,8.969461305241566e-06,7.256294793478446e-06,True,True,True,True,True,C8.9,8.961311e-06,2022-04-20T18:40:00.000,7.0,4.847344371228246e-06,True
119,5160.0,202204220452.0,703876560.0,8.039883141464088e-06,7.178931355156237e-06,7.327170806092909e-06,6.5566478042455856e-06,True,True,True,True,True,M1.1,1.1229543e-05,2022-04-22T05:14:00.000,22.0,2.7839521408168366e-06,True
120,5202.0,202204300836.0,704580360.0,3.7345500913943397e-06,3.0902713206160115e-06,3.1768290682521183e-06,2.6807754238689085e-06,False,False,False,False,True,C6.0,6.0758357e-06,2022-04-30T08:44:00.000,8.0,2.431308985251235e-06,False
121,5208.0,202204301338.0,704598540.0,4.942719897371717e-06,3.7561767385341227e-06,3.7040424558654195e-06,3.2177565572055755e-06,False,False,False,False,True,X1.1,0.00011312873,2022-04-30T13:47:00.000,9.0,2.350184786337195e-06,True
122,5223.0,202205030734.0,704836500.0,4.831102160096634e-06,3.8416787901951466e-06,3.935374024877092e-06,3.2388318231824087e-06,False,False,False,False,True,M1.3,1.3633756e-05,2022-05-03T07:53:00.000,19.0,8.593153779656859e-07,True
123,5226.0,202205031309.0,704856420.0,2.5305314920842648e-05,1.8554123016656376e-05,1.8943210307043046e-05,1.4764409570489079e-05,True,True,True,True,True,X1.1,0.000113361515,2022-05-03T13:25:00.000,16.0,6.45250395336916e-07,True
124,5238.0,202205040845.0,704926920.0,2.4921191652538255e-05,1.862385579443071e-05,1.9148945284541696e-05,1.4940615074010566e-05,True,True,True,True,True,,5.7583497e-05,2022-05-04T08:59:00.000,14.0,1.1935512702621054e-06,True
125,5243.0,202205041606.0,704953560.0,1.1604387509578373e-05,1.134447938966332e-05,1.1033957889594603e-05,1.1033957889594603e-05,True,True,True,True,True,,8.466538e-06,2022-05-04T16:22:00.000,16.0,1.723529180708283e-06,True
126,5244.0,202205041625.0,704953560.0,1.1604387509578373e-05,1.077608612831682e-05,1.1033957889594603e-05,9.99518670141697e-06,True,True,True,True,True,,1.1911834e-05,2022-05-04T16:32:00.000,7.0,8.06677508080611e-06,True
127,5246.0,202205041855.0,704963220.0,4.161890956311254e-06,3.942089733754983e-06,3.9206079236464575e-06,3.7818399505340494e-06,False,False,False,False,True,,8.678358e-06,2022-05-04T19:05:00.000,10.0,1.7095026123570278e-06,True
128,5311.0,202205142358.0,705845400.0,8.805004654277582e-06,7.02791339790565e-06,7.136899057513801e-06,5.999367658660049e-06,True,True,True,True,True,M2.2,2.2842129e-05,2022-05-15T00:08:00.000,10.0,1.6492448366989265e-06,True
130,5325.0,202205182156.0,706183440.0,5.405760930443648e-06,4.929752321913838e-06,5.002755642635748e-06,4.60255250800401e-06,True,False,True,False,True,M1.1,1.1284367e-05,2022-05-18T22:02:00.000,6.0,4.446533239388373e-06,True
131,5327.0,202205200735.0,706305120.0,1.2289505320950411e-05,1.1786888535425533e-05,1.1943377103307284e-05,1.128866642829962e-05,True,True,True,True,True,M3.0,3.0303148e-05,2022-05-20T07:45:00.000,10.0,1.4910484651409206e-06,True
132,5357.0,202205251809.0,706775160.0,9.742502697918098e-06,8.760472155699972e-06,8.909236385079566e-06,8.067337148531806e-06,True,True,True,True,True,M1.3,1.3376665e-05,2022-05-25T18:24:00.000,15.0,1.004792238745722e-06,True
133,5400.0,202206101011.0,708130500.0,1.0302584087185096e-05,9.679930371930823e-06,9.79024207481416e-06,9.203896297549363e-06,True,True,True,True,True,M1.2,1.2175374e-05,2022-06-10T10:54:00.000,43.0,4.216509296384174e-06,True
134,5455.0,202206200605.0,708978000.0,3.559203605618677e-06,3.193057409589528e-06,3.21731522490154e-06,2.91938317786844e-06,False,False,False,False,True,C5.7,5.7117154e-06,2022-06-20T06:18:00.000,13.0,1.981778950721491e-06,False
135,5539.0,202207050359.0,710266140.0,6.003981525282143e-06,5.158239673619391e-06,5.264563696982805e-06,4.5700385271629784e-06,True,True,True,False,True,C9.8,9.884384e-06,2022-07-05T04:07:00.000,8.0,3.6445960631681373e-06,True
137,5746.0,202207312241.0,712581060.0,8.738886208448093e-06,8.433043149125297e-06,8.467429324809927e-06,8.180611075658817e-06,True,True,True,True,True,C9.2,9.2107575e-06,2022-07-31T23:09:00.000,28.0,2.838798422999389e-07,True
138,5835.0,202208160125.0,713886000.0,3.853107955364976e-06,3.3565368084964575e-06,3.4195970783912344e-06,3.038392833332182e-06,False,False,False,False,True,C5.9,5.9355425e-06,2022-08-16T01:39:00.000,14.0,2.9126977096893825e-06,True
139,5845.0,202208161356.0,713930820.0,2.6473701382201398e-06,2.290996462761541e-06,2.3358777525572805e-06,2.0507711724349065e-06,False,False,False,False,True,C5.8,5.8412325e-06,2022-08-16T14:05:00.000,9.0,1.1177609167134506e-06,False
140,5858.0,202208170811.0,713996520.0,5.511583367479034e-06,4.92913750349544e-06,4.865351911575999e-06,4.72716828880948e-06,True,False,False,False,True,,9.017492e-06,2022-08-17T08:20:00.000,9.0,9.58448708843207e-07,True
141,5863.0,202208171428.0,714020040.0,8.615278602519538e-06,7.793830263835844e-06,7.962057679833379e-06,7.1756421675672755e-06,True,True,True,True,True,,1.0993571e-05,2022-08-17T14:52:00.000,24.0,2.3258935470948927e-06,True
142,5885.0,202208181037.0,714092220.0,1.2393275028443895e-05,1.1278759302513208e-05,1.144889847637387e-05,1.0449453839100897e-05,True,True,True,True,True,M1.5,1.59038e-05,2022-08-18T10:55:00.000,18.0,3.090727204835275e-06,True
143,5971.0,202208252309.0,714741780.0,9.16367662284756e-06,8.683301530254539e-06,8.223325494327582e-06,8.223325494327582e-06,True,True,True,True,True,C9.1,9.146479e-06,2022-08-25T23:19:00.000,10.0,1.0870805908780312e-06,True
144,5972.0,202208252321.0,714741780.0,9.16367662284756e-06,8.03057810117025e-06,8.223325494327582e-06,7.19479430699721e-06,True,True,True,True,True,M1.0,1.03667535e-05,2022-08-25T23:27:00.000,6.0,8.032231562538072e-06,True
145,5975.0,202208270152.0,714839880.0,4.288209311198443e-05,4.049564086017199e-05,4.097778219147585e-05,3.8520796806551516e-05,True,True,True,True,True,M4.8,4.8756818e-05,2022-08-27T02:40:00.000,48.0,4.019610514660599e-06,True
146,5977.0,202208270653.0,714855840.0,4.018322215415537e-06,3.5807345284410985e-06,3.5063196719420375e-06,3.385379386600107e-06,False,False,False,False,True,C8.8,8.850169e-06,2022-08-27T07:02:00.000,9.0,3.022346618308802e-06,False
147,5986.0,202208271545.0,714888060.0,1.3810807104164269e-05,1.29314039440942e-05,1.3107740414852742e-05,1.2264611541468184e-05,True,True,True,True,True,M1.8,1.802086e-05,2022-08-27T15:58:00.000,13.0,3.377146867933334e-06,True
148,5997.0,202208280724.0,714945000.0,8.677483492647298e-06,8.007198630366474e-06,8.143540071614552e-06,7.498980721720727e-06,True,True,True,True,True,C9.9,9.904033e-06,2022-08-28T07:48:00.000,24.0,3.2536806884309044e-06,True
149,6000.0,202208281548.0,714975600.0,5.839778532390483e-05,5.474462523125112e-05,5.538034747587517e-05,5.178136416361667e-05,True,True,True,True,True,M6.7,6.7296576e-05,2022-08-28T16:19:00.000,31.0,2.7097628390038153e-06,True
150,6001.0,202208281820.0,714983640.0,3.659488356788643e-05,3.44973559549544e-05,3.4915188734885305e-05,3.280665259808302e-05,True,True,True,True,True,M4.6,4.6703444e-05,2022-08-28T18:32:00.000,12.0,1.5903742678347044e-05,True
151,6007.0,202208291048.0,715043340.0,2.6946261641569436e-05,2.346362998650875e-05,2.387690074101556e-05,2.111047797370702e-05,True,True,True,True,True,M8.6,8.66998e-05,2022-08-29T11:07:00.000,19.0,2.153838295271271e-06,True
152,6008.0,202208291425.0,715056120.0,2.164472607546486e-05,1.6162061001523398e-05,2.164472607546486e-05,1.928409437823575e-05,True,True,True,True,True,C8.7,8.730088e-06,2022-08-29T14:40:00.000,15.0,2.6984084797732066e-06,True
153,6009.0,202208291446.0,715056120.0,2.4082202799036168e-05,1.7482085240771994e-05,2.55221311817877e-05,2.211688297393266e-05,True,True,True,True,True,M2.5,2.5502022e-05,2022-08-29T14:56:00.000,10.0,7.88923443906242e-06,True
154,6070.0,202209051758.0,715674000.0,5.676583896274678e-06,5.101325314171845e-06,5.163980858924333e-06,4.712434474640759e-06,True,True,True,False,True,M1.0,1.0999505e-05,2022-09-05T18:05:00.000,7.0,3.431510549489758e-06,True
156,6131.0,202209131231.0,716344680.0,2.8379693048918853e-06,2.7100670649815584e-06,2.7936332571698586e-06,2.605040890557575e-06,False,False,False,False,True,C7.0,7.0567953e-06,2022-09-13T12:36:00.000,5.0,1.9297053768241312e-06,False
157,6136.0,202209131507.0,716354520.0,9.438748747925274e-06,8.517887181369588e-06,9.438748747925274e-06,8.88433260115562e-06,True,True,True,True,True,C9.2,9.298828e-06,2022-09-13T15:16:00.000,9.0,7.255731816258049e-06,True
158,6161.0,202209171242.0,716692860.0,1.7084357750718482e-05,1.5261884982464835e-05,1.7084357750718482e-05,1.619687827769667e-05,True,True,True,True,True,M1.0,1.0803868e-05,2022-09-17T13:19:00.000,37.0,9.348849516754854e-07,True
159,6162.0,202209171321.0,716692860.0,1.782329309207853e-05,1.568878724356182e-05,1.8860691852751188e-05,1.7280830434174277e-05,True,True,True,True,True,M1.9,1.9359475e-05,2022-09-17T13:39:00.000,18.0,1.0697149264160544e-05,True
161,6164.0,202209172032.0,716719380.0,1.3731763829127885e-05,1.105398860090645e-05,1.1477155567263253e-05,9.161655725620221e-06,True,True,True,True,True,M2.6,2.6060505e-05,2022-09-17T20:41:00.000,9.0,1.7216334526892751e-06,True
162,6169.0,202209201451.0,716958540.0,5.350304945750395e-06,4.495954726735363e-06,4.631875526683871e-06,3.9160177038866095e-06,True,False,False,False,True,C7.7,7.762015e-06,2022-09-20T15:07:00.000,16.0,1.9102401438431116e-06,True
163,6198.0,202209231748.0,717228720.0,1.497581888543209e-05,1.424228412361117e-05,1.4355725397763308e-05,1.3713029147766065e-05,True,True,True,True,True,M1.7,1.731684e-05,2022-09-23T18:10:00.000,22.0,3.2929151529970113e-06,True
164,6245.0,202209291150.0,717724980.0,5.304970727593172e-06,5.233193405729253e-06,5.22766686117393e-06,5.198466624278808e-06,True,True,True,True,True,C5.7,5.764921e-06,2022-09-29T12:01:00.000,11.0,2.1107227894390235e-06,True
165,6248.0,202209292010.0,717755160.0,5.061501724412665e-06,4.820217782253167e-06,4.8764572966319975e-06,4.619213086698437e-06,True,False,False,False,True,C5.5,5.517859e-06,2022-09-29T20:24:00.000,14.0,1.7228890101250727e-06,True
166,6252.0,202209300346.0,717782580.0,8.035173777898308e-06,7.513815944548696e-06,7.498115792259341e-06,7.259951871674275e-06,True,True,True,True,True,M1.0,1.0519981e-05,2022-09-30T04:01:00.000,15.0,2.1696182557207067e-06,True
167,6253.0,202209300651.0,717793620.0,4.256419288140023e-06,3.953859049943276e-06,3.9889223444333766e-06,3.7416918985400116e-06,False,False,False,False,True,C5.5,5.5291416e-06,2022-09-30T07:05:00.000,14.0,2.1241046397335595e-06,False
168,6256.0,202209301403.0,717819480.0,5.471936219691997e-06,5.1039510253758635e-06,5.095000688015716e-06,4.784219981956994e-06,True,True,True,False,True,C7.8,7.809027e-06,2022-09-30T14:16:00.000,13.0,1.8866712707676925e-06,True
169,6274.0,202210030219.0,718036500.0,1.8920654838439077e-05,1.8073913452099077e-05,1.826098196033854e-05,1.716153565212153e-05,True,True,True,True,True,M2.6,2.6258713e-05,2022-10-03T02:33:00.000,14.0,2.6427624106872827e-06,True
170,6276.0,202210030712.0,718053900.0,4.2376527744636405e-06,3.6222584185452433e-06,3.7007309856562642e-06,3.2044972613221034e-06,False,False,False,False,True,C7.5,7.572493e-06,2022-10-03T07:23:00.000,11.0,1.8139459143640124e-06,False
171,6278.0,202210030909.0,718060980.0,4.608328254107619e-06,4.40878102381248e-06,4.3314053073117975e-06,4.282652298570611e-06,False,False,False,False,True,C5.1,5.166594e-06,2022-10-03T09:20:00.000,11.0,2.588066536191036e-06,False
172,6279.0,202210030938.0,718063980.0,2.936849523393903e-05,2.577583109086845e-05,2.6347972379880957e-05,2.3159444026532583e-05,True,True,True,True,True,M4.2,4.205304e-05,2022-10-03T10:11:00.000,33.0,4.03631429435336e-06,True
173,6280.0,202210031103.0,718067580.0,8.483899364364333e-06,7.318289135582745e-06,7.481791271857219e-06,6.5094013734778855e-06,True,True,True,True,True,M1.5,1.5213547e-05,2022-10-03T11:11:00.000,8.0,5.765184596384643e-06,True
174,6291.0,202210031957.0,718101000.0,1.1136963621538598e-05,1.0781564014905598e-05,1.0801996722875629e-05,1.052251536748372e-05,True,True,True,True,True,M1.2,1.2605639e-05,2022-10-03T20:28:00.000,31.0,4.534842446446419e-06,True
175,6292.0,202210032113.0,718105020.0,9.098441296373494e-06,8.666497706144582e-06,9.053785106516443e-06,8.625726877653506e-06,True,True,True,True,True,M1.7,1.7838347e-05,2022-10-03T21:22:00.000,9.0,5.922544460190693e-06,True
176,6295.0,202210041248.0,718161420.0,1.4167347217153292e-05,1.3595937161881011e-05,1.3756233784079086e-05,1.3153684449207503e-05,True,True,True,True,True,M1.6,1.6092145e-05,2022-10-04T13:15:00.000,27.0,2.451851287332829e-06,True
177,6316.0,202210071421.0,718425960.0,9.788445822778158e-06,9.741360372572672e-06,9.757833140611183e-06,9.676622539700475e-06,True,True,True,True,True,M1.0,1.0109607e-05,2022-10-07T14:44:00.000,23.0,4.465350684768055e-06,True
178,6339.0,202210100003.0,718633740.0,8.086397428996861e-06,7.236586498038378e-06,8.086397428996861e-06,7.58001397116459e-06,True,True,True,True,True,C7.0,7.0747074e-06,2022-10-10T00:27:00.000,24.0,2.882824446714949e-06,True
179,6340.0,202210100035.0,718633740.0,8.794459972705226e-06,7.496232228731969e-06,1.0088353519677185e-05,8.527636964572594e-06,True,True,True,True,True,M1.0,1.0862785e-05,2022-10-10T00:47:00.000,12.0,6.435604063881328e-06,True
180,6344.0,202210101605.0,718691400.0,1.8161028492613696e-05,1.6416190192103386e-05,1.670818164711818e-05,1.5148724742175546e-05,True,True,True,True,True,M2.4,2.411541e-05,2022-10-10T16:28:00.000,23.0,2.9203849862824427e-06,True
181,6354.0,202210110836.0,718749840.0,2.247099018859444e-06,1.9725248421309516e-06,2.1184039269428467e-06,1.6727570937291603e-06,False,False,False,False,True,M3.9,3.9843617e-05,2022-10-11T08:42:00.000,6.0,8.393827783947927e-07,False
182,6367.0,202210122354.0,718892520.0,1.1007959074049722e-05,9.656298971094657e-06,9.852659786702134e-06,8.686057299200911e-06,True,True,True,True,True,M1.5,1.5438109e-05,2022-10-13T00:19:00.000,25.0,7.903057053226803e-07,True
184,6378.0,202210140951.0,719013060.0,1.2939672160428017e-05,1.261566376342671e-05,1.2736893040710129e-05,1.2315999811107758e-05,True,True,True,True,True,M1.3,1.3176475e-05,2022-10-14T09:55:00.000,4.0,1.2965761015948374e-05,True
185,6380.0,202210151407.0,719116440.0,5.448348019854166e-06,5.139459972269833e-06,5.1965903367090505e-06,4.891675871476764e-06,True,True,True,False,True,C6.1,6.129925e-06,2022-10-15T14:32:00.000,25.0,6.399781113941572e-07,True
186,6431.0,202210220527.0,719689440.0,5.582608991971938e-06,5.249472906143637e-06,5.29992166775628e-06,5.006823357689427e-06,True,True,True,True,True,C6.4,6.4635137e-06,2022-10-22T05:42:00.000,15.0,7.901432468315761e-07,True
187,6493.0,202211040713.0,720819900.0,4.651516064768657e-06,4.257723958289716e-06,4.330199317337247e-06,3.95840652345214e-06,False,False,False,False,True,C5.6,5.6509634e-06,2022-11-04T07:44:00.000,31.0,1.1154407957292278e-06,True
188,6518.0,202211120009.0,721484400.0,1.9537453681550687e-06,1.7266041822949774e-06,1.73998171248968e-06,1.600808559487632e-06,False,False,False,False,True,M1.1,1.1709789e-05,2022-11-12T00:18:00.000,9.0,6.513076868941425e-07,False
189,6560.0,202211170908.0,721949400.0,5.257857083051931e-06,4.942879513691878e-06,5.006078936276026e-06,4.70185204903828e-06,True,False,True,False,True,C6.1,6.128646e-06,2022-11-17T09:28:00.000,20.0,1.5483022934859036e-06,True
190,6648.0,202212010704.0,723151380.0,7.080014256644063e-06,6.352287982736016e-06,6.525531262013828e-06,5.772556050942512e-06,True,True,True,True,True,M1.0,1.0955116e-05,2022-12-01T07:21:00.000,17.0,7.968924933265953e-07,True
191,6670.0,202212031736.0,723361380.0,8.645272373541957e-07,8.515707463629951e-07,8.603471428614284e-07,8.38225730603881e-07,False,False,False,False,True,M1.2,1.29028895e-05,2022-12-03T17:41:00.000,5.0,8.080308475655329e-07,False
192,6703.0,202212101552.0,723961020.0,4.074827756994637e-06,3.833615210169228e-06,3.874583399010589e-06,3.644721118689631e-06,False,False,False,False,True,C5.2,5.237396e-06,2022-12-10T16:11:00.000,19.0,8.783594580563658e-07,True
193,6730.0,202212140824.0,724278720.0,5.712286110792775e-06,4.997415089746937e-06,5.01182148582302e-06,4.569330940284999e-06,True,False,True,False,True,M1.1,1.1801026e-05,2022-12-14T08:31:00.000,7.0,4.750595508085098e-06,True
194,6733.0,202212141145.0,724291260.0,8.805883226159494e-06,8.348105438926723e-06,8.53840811032569e-06,7.792113137838896e-06,True,True,True,True,True,M1.1,1.1754523e-05,2022-12-14T11:59:00.000,14.0,2.029626557487063e-06,True
195,6738.0,202212141703.0,724310040.0,1.1719854228431359e-05,1.0331907105864957e-05,1.0545429177000187e-05,9.414028681931086e-06,True,True,True,True,True,M2.2,2.2161868e-05,2022-12-14T17:12:00.000,9.0,2.5111917238973547e-06,True
196,6740.0,202212141927.0,724318500.0,6.18215699432767e-06,5.805356522614602e-06,5.873655936738942e-06,5.574402621277841e-06,True,True,True,True,True,C6.4,6.40634e-06,2022-12-14T19:33:00.000,6.0,2.8803412988054333e-06,True
197,6741.0,202212141938.0,724318500.0,6.18215699432767e-06,5.673043688148027e-06,5.873655936738942e-06,5.183483608561801e-06,True,True,True,True,True,C6.1,6.1648216e-06,2022-12-14T19:43:00.000,5.0,5.178177161724307e-06,True
198,6745.0,202212142145.0,724326840.0,4.5423432311508805e-05,4.171142427367158e-05,4.5423432311508805e-05,4.421455378178507e-05,True,True,True,True,True,M1.9,1.9637979e-05,2022-12-14T21:53:00.000,8.0,1.1126799108751584e-05,True
199,6746.0,202212142157.0,724326840.0,4.5423432311508805e-05,4.171142427367158e-05,4.5423432311508805e-05,4.3340056436136365e-05,True,True,True,True,True,M4.5,4.541192e-05,2022-12-14T22:06:00.000,9.0,1.5945963241392747e-05,True
200,6749.0,202212150124.0,724340580.0,8.196779162972234e-06,7.692132385272998e-06,7.811118848621845e-06,7.595837359986035e-06,True,True,True,True,True,M1.6,1.623628e-05,2022-12-15T01:37:00.000,13.0,4.649246420740383e-06,True
201,6755.0,202212150754.0,724362540.0,1.0014901818067301e-05,9.007831977214664e-06,9.896810297504999e-06,8.691123184689786e-06,True,True,True,True,True,M1.0,1.00083425e-05,2022-12-15T07:58:00.000,4.0,5.927198799327016e-06,True
203,6760.0,202212151308.0,724382340.0,7.186353741417406e-06,6.699765435769223e-06,6.784690413041972e-06,6.371105428115698e-06,True,True,True,True,True,C8.2,8.29616e-06,2022-12-15T13:17:00.000,9.0,4.197781890979968e-06,True
205,6762.0,202212151418.0,724386300.0,7.409155386994826e-06,6.719013981637545e-06,6.774252597097075e-06,6.228503934835317e-06,True,True,True,True,True,C9.5,9.539654e-06,2022-12-15T14:23:00.000,5.0,8.678856829646975e-06,True
206,6763.0,202212151538.0,724391940.0,1.0348834621254355e-05,1.0080575520987622e-05,1.0348834621254355e-05,1.0287269105901942e-05,True,True,True,True,True,C8.0,8.053905e-06,2022-12-15T15:50:00.000,12.0,4.154477664997103e-06,True
207,6764.0,202212151558.0,724391940.0,1.0348834621254355e-05,1.0112134077644441e-05,1.0348834621254355e-05,1.0001323062169831e-05,True,True,True,True,True,M1.0,1.03363955e-05,2022-12-15T16:10:00.000,12.0,5.730324119213037e-06,True
208,6765.0,202212151635.0,724394760.0,2.0739516912726685e-05,2.0458768631215207e-05,2.0739516912726685e-05,2.0637215129681863e-05,True,True,True,True,True,M1.1,1.11888885e-05,2022-12-15T16:44:00.000,9.0,4.281511792214587e-06,True
209,6766.0,202212151647.0,724394760.0,2.0739516912726685e-05,2.046838926617056e-05,2.0739516912726685e-05,2.0482684703893028e-05,True,True,True,True,True,M2.0,2.0725858e-05,2022-12-15T16:56:00.000,9.0,1.0813128028530627e-05,True
210,6769.0,202212152212.0,724414740.0,3.6609810194931924e-05,3.240650039515458e-05,3.6609810194931924e-05,3.5072564060101286e-05,True,True,True,True,True,C6.7,6.7477054e-06,2022-12-15T22:18:00.000,6.0,4.615611942426767e-06,True
211,6770.0,202212152220.0,724414740.0,3.6609810194931924e-05,3.240650039515458e-05,3.896178532158956e-05,3.614486558944918e-05,True,True,True,True,True,M5.7,5.744778e-05,2022-12-15T22:40:00.000,20.0,6.5533158704056405e-06,True
212,6771.0,202212160130.0,724428960.0,2.10484977287706e-05,2.0579593183356337e-05,2.099877383443527e-05,1.9739436538657174e-05,True,True,True,True,True,M3.5,3.5523448e-05,2022-12-16T02:01:00.000,31.0,3.5183122690796154e-06,True
213,6775.0,202212160442.0,724438860.0,8.005921699805185e-06,7.178959549491992e-06,7.2860525506257545e-06,6.59685292703216e-06,True,True,True,True,True,M1.2,1.23962545e-05,2022-12-16T04:59:00.000,17.0,2.2414767499867594e-06,True
214,6776.0,202212160536.0,724440300.0,6.8429121711233165e-06,6.079817467252724e-06,8.85317876964109e-06,6.875330655020662e-06,True,True,True,True,True,M1.3,1.3826122e-05,2022-12-16T05:48:00.000,12.0,5.7423189900873695e-06,True
215,6779.0,202212160726.0,724448400.0,8.793084816716146e-06,7.75114767748164e-06,7.824455678928643e-06,7.050410204101354e-06,True,True,True,True,True,M1.6,1.6726422e-05,2022-12-16T07:38:00.000,12.0,3.878293682646472e-06,True
217,6782.0,202212161002.0,724456980.0,2.1412612113635987e-05,1.210927075590007e-05,3.7511523260036483e-05,2.061221130134072e-05,True,True,True,True,True,M4.0,4.0206298e-05,2022-12-16T10:19:00.000,17.0,6.021406989020761e-06,True
218,6783.0,202212161136.0,724462620.0,7.387209279841045e-06,7.06594664734439e-06,7.268667559401365e-06,6.7651367317012046e-06,True,True,True,True,True,C8.5,8.594988e-06,2022-12-16T11:40:00.000,4.0,6.138125627330737e-06,True
219,6786.0,202212161424.0,724473720.0,1.9823592083412223e-05,1.836918636399787e-05,1.8716709746513516e-05,1.720049294817727e-05,True,True,True,True,True,M2.4,2.4572535e-05,2022-12-16T14:40:00.000,16.0,2.1037799342593644e-06,True
220,6787.0,202212161534.0,724477320.0,5.941355539107462e-06,5.370036888052709e-06,5.367203357309336e-06,5.0696257858362515e-06,True,True,True,True,True,M1.2,1.2642182e-05,2022-12-16T15:40:00.000,6.0,7.109190391929587e-06,True
221,6789.0,202212161902.0,724489920.0,4.532491857389687e-06,4.029227056889795e-06,4.083851763425628e-06,3.715095544976066e-06,False,False,False,False,True,C9.1,9.1039965e-06,2022-12-16T19:11:00.000,9.0,2.6543850708549144e-06,True
222,6791.0,202212162050.0,724496760.0,5.725051323679509e-06,5.337562924978556e-06,5.342244548955932e-06,5.051182597526349e-06,True,True,True,True,True,C8.9,8.975311e-06,2022-12-16T21:04:00.000,14.0,1.9656811218737857e-06,True
223,6793.0,202212162307.0,724504920.0,5.978136414341861e-06,4.667399025493069e-06,6.9735015131300315e-06,5.582604444498429e-06,True,False,True,True,True,C5.4,5.437084e-06,2022-12-16T23:16:00.000,9.0,3.3020330647559604e-06,False
224,6794.0,202212162331.0,724504920.0,5.978136414341861e-06,4.667399025493069e-06,6.9735015131300315e-06,5.582604444498429e-06,True,False,True,True,True,C7.9,7.9431675e-06,2022-12-16T23:39:00.000,8.0,3.838768861896824e-06,True
225,6795.0,202212162344.0,724506600.0,6.4064206526381895e-06,5.696853349945741e-06,5.795267497887835e-06,5.2110613069089595e-06,True,True,True,True,True,C7.3,7.3302376e-06,2022-12-16T23:48:00.000,4.0,6.425078026950359e-06,True
226,6796.0,202212170051.0,724513560.0,4.61105810245499e-06,4.347464710008353e-06,4.380324298836058e-06,4.152318524575094e-06,False,False,False,False,True,C8.7,8.785805e-06,2022-12-17T01:08:00.000,17.0,2.3428785880241776e-06,True
227,6807.0,202212180113.0,724598640.0,3.8268112803052645e-06,3.3895030355779454e-06,3.482439751678612e-06,3.051576641155407e-06,False,False,False,False,True,C5.4,5.465479e-06,2022-12-18T01:22:00.000,9.0,1.5899167919997126e-06,False
228,6831.0,202212200521.0,724787220.0,5.840434369019931e-06,5.558214979828335e-06,5.533789590117522e-06,5.423893071565544e-06,True,True,True,True,True,C6.6,6.6884995e-06,2022-12-20T05:45:00.000,24.0,1.4750162335985806e-06,True
229,6834.0,202212200842.0,724798500.0,5.731157671107212e-06,4.805744083569152e-06,4.970335339748999e-06,4.158085175731685e-06,True,False,False,False,True,C8.2,8.201116e-06,2022-12-20T08:53:00.000,11.0,1.8044775060843676e-06,True
230,6835.0,202212201351.0,724816680.0,1.1561820429051295e-05,1.0939415005850606e-05,1.1061055374739226e-05,1.053669984685257e-05,True,True,True,True,True,C6.5,6.5624135e-06,2022-12-20T13:56:00.000,5.0,1.1839861144835595e-06,True
231,6836.0,202212201359.0,724816680.0,1.1561820429051295e-05,1.0685224879125599e-05,1.1061055374739226e-05,9.614142072678078e-06,True,True,True,True,True,M1.1,1.1527418e-05,2022-12-20T14:06:00.000,7.0,5.66286234970903e-06,True
232,6841.0,202212210557.0,724875780.0,6.237963134481106e-06,5.7297661442134995e-06,5.831807811773615e-06,5.3018661674286705e-06,True,True,True,True,True,C7.6,7.618034e-06,2022-12-21T06:21:00.000,24.0,1.6894188092919649e-06,True
233,6846.0,202212212204.0,724933200.0,6.399328867701115e-06,5.484708253788995e-06,6.399328867701115e-06,5.818975751026301e-06,True,True,True,True,True,C5.1,5.191757e-06,2022-12-21T22:19:00.000,15.0,1.3155735132386326e-06,False
234,6847.0,202212212226.0,724933200.0,6.399328867701115e-06,5.484708253788995e-06,6.865163413749542e-06,6.1413525145326275e-06,True,True,True,True,True,C6.8,6.859569e-06,2022-12-21T22:36:00.000,10.0,4.126566636841744e-06,True
235,6894.0,202212280212.0,725467200.0,6.045447207725374e-06,6.024959475325886e-06,6.038775609340519e-06,6.0198435676284134e-06,True,True,True,True,True,C5.0,5.067248e-06,2022-12-28T02:37:00.000,25.0,2.176972657252918e-06,True
236,6895.0,202212280241.0,725467200.0,6.124985702626873e-06,6.048876457498409e-06,6.154878064990044e-06,6.0897200455656275e-06,True,True,True,True,True,C6.0,6.098651e-06,2022-12-28T02:56:00.000,15.0,4.990667548554484e-06,True
237,6901.0,202212290632.0,725570940.0,1.0994673175446223e-05,1.0492698493180797e-05,1.056650398822967e-05,1.0109562026627827e-05,True,True,True,True,True,M1.2,1.2079151e-05,2022-12-29T07:27:00.000,55.0,1.767747107805917e-06,True
238,6932.0,202212312138.0,725795340.0,6.688238499918953e-06,5.994422735966509e-06,6.106464752519969e-06,5.484560006152606e-06,True,True,True,True,True,C9.1,9.113051e-06,2022-12-31T21:48:00.000,10.0,2.3642337509954814e-06,True
239,6944.0,202301020609.0,725912580.0,2.160873918910511e-06,1.7907592564370134e-06,1.822807121243386e-06,1.567693288961891e-06,False,False,False,False,True,C9.4,9.451112e-06,2023-01-02T06:21:00.000,12.0,1.2225061709614238e-06,False
240,6958.0,202301041814.0,726129060.0,7.638964234502055e-06,6.810655122535536e-06,7.638964234502055e-06,7.221685791591881e-06,True,True,True,True,True,C5.2,5.231623e-06,2023-01-04T18:29:00.000,15.0,1.2081650311301928e-06,False
241,6959.0,202301041834.0,726129060.0,8.225381861848291e-06,7.04644298821222e-06,8.548871846869588e-06,7.80972095526522e-06,True,True,True,True,True,C8.4,8.498897e-06,2023-01-04T18:45:00.000,11.0,4.908899427391589e-06,True
243,6981.0,202301071106.0,726361860.0,4.603304205375025e-06,3.92588253816939e-06,4.046488811582094e-06,3.449866881055641e-06,False,False,False,False,True,C6.9,6.9646935e-06,2023-01-07T11:09:00.000,3.0,5.989998044242384e-06,True
244,6982.0,202301071629.0,726382500.0,6.274996849242598e-06,5.559601504501188e-06,5.680315098288702e-06,5.032763965573395e-06,True,True,True,True,True,C8.7,8.724094e-06,2023-01-07T16:54:00.000,25.0,1.7387641264576814e-06,True
245,6995.0,202301080437.0,726425820.0,7.64897504268447e-06,7.447048119502142e-06,7.486284630431328e-06,7.269792604347458e-06,True,True,True,True,True,C8.0,8.00382e-06,2023-01-08T04:55:00.000,18.0,3.7319055081752595e-06,True
246,6998.0,202301080839.0,726440160.0,8.151439942594152e-06,7.661637937417254e-06,7.65097047406016e-06,7.478730822185753e-06,True,True,True,True,True,M1.2,1.2157462e-05,2023-01-08T08:54:00.000,15.0,3.501725132082356e-06,True
247,7004.0,202301081902.0,726477120.0,9.230833711626474e-06,8.459556738671381e-06,8.630667252873536e-06,7.784532499499619e-06,True,True,True,True,True,M1.0,1.0923919e-05,2023-01-08T19:11:00.000,9.0,9.219984349329025e-06,True
248,7008.0,202301090051.0,726498240.0,9.431046237295959e-06,8.656616955704521e-06,8.795525900495704e-06,8.023741429497022e-06,True,True,True,True,True,M1.1,1.1431522e-05,2023-01-09T01:02:00.000,11.0,3.829015440715011e-06,True
249,7020.0,202301092050.0,726569820.0,3.1493739243160235e-06,2.807257942549768e-06,2.823359182002605e-06,2.5991023449023487e-06,False,False,False,False,True,C5.9,5.928004e-06,2023-01-09T20:55:00.000,5.0,2.0294376099627698e-06,False
250,7024.0,202301100009.0,726581880.0,1.5657933545298874e-05,1.245692965312628e-05,1.320961928286124e-05,1.0175957868341357e-05,True,True,True,True,True,M5.1,5.152473e-05,2023-01-10T00:16:00.000,7.0,4.362045729067177e-06,True
251,7047.0,202301110039.0,726670860.0,1.2741165846819058e-05,1.1165696378157008e-05,1.1278086276433896e-05,1.0277694855176378e-05,True,True,True,True,True,M2.4,2.4735158e-05,2023-01-11T00:59:00.000,20.0,2.3550062451249687e-06,True
252,7048.0,202301110149.0,726674280.0,1.20531140055391e-05,1.0114310498465784e-05,1.0641380868037231e-05,8.57130089571001e-06,True,True,True,True,True,M5.6,5.6708155e-05,2023-01-11T01:56:00.000,7.0,4.7116704990912694e-06,True
253,7049.0,202301110328.0,726680340.0,5.232000603427878e-06,5.018649517296581e-06,5.191257514525205e-06,4.743669705931097e-06,True,True,True,False,True,C6.8,6.833723e-06,2023-01-11T03:38:00.000,10.0,4.771382009494118e-06,True
254,7051.0,202301110531.0,726689460.0,1.0674815712263808e-05,9.888155545922928e-06,1.0043995644082315e-05,9.287842658523005e-06,True,True,True,True,True,M1.3,1.3028995e-05,2023-01-11T06:09:00.000,38.0,2.8763097361661494e-06,True
255,7055.0,202301112047.0,726742920.0,5.642115411319537e-06,5.119390607433161e-06,5.198465260036755e-06,4.765299763676012e-06,True,True,True,False,True,C8.0,8.071116e-06,2023-01-11T21:00:00.000,13.0,3.796128112298902e-06,True
256,7057.0,202301120553.0,726776400.0,9.200347449223045e-06,9.043938007380348e-06,9.04106127563864e-06,8.973170224635396e-06,True,True,True,True,True,M1.1,1.1345536e-05,2023-01-12T06:18:00.000,25.0,3.3508256365166744e-06,True
257,7058.0,202301120633.0,726778080.0,1.4164907042868435e-05,1.3199704881117214e-05,1.3383241821429692e-05,1.2397777027217671e-05,True,True,True,True,True,M1.5,1.5923693e-05,2023-01-12T06:46:00.000,13.0,8.859552508511115e-06,True
259,7060.0,202301120806.0,726783120.0,5.015995611756807e-06,4.774420176545391e-06,5.015995611756807e-06,4.609419647749746e-06,True,False,True,False,True,C5.9,5.9036456e-06,2023-01-12T08:10:00.000,4.0,4.240013367962092e-06,False
260,7062.0,202301121108.0,726795000.0,1.0198687959928066e-05,9.30615897232201e-06,9.459869033889845e-06,8.631513082946185e-06,True,True,True,True,True,M1.2,1.2335127e-05,2023-01-12T11:28:00.000,20.0,3.541706064424943e-06,True
261,7066.0,202301121842.0,726822120.0,1.0635633771016728e-05,1.018424973153742e-05,1.0635633771016728e-05,1.0565917364147026e-05,True,True,True,True,True,C5.7,5.7380125e-06,2023-01-12T19:00:00.000,18.0,2.8399858820193913e-06,True
262,7067.0,202301121903.0,726822120.0,1.0635633771016728e-05,1.0230375664832536e-05,1.0635633771016728e-05,1.0482021025381982e-05,True,True,True,True,True,M1.0,1.0617729e-05,2023-01-12T19:13:00.000,10.0,5.70596876059426e-06,True
264,7071.0,202301122233.0,726834900.0,5.657921974489e-06,5.5891355259518605e-06,5.5705550039419904e-06,5.559168130275793e-06,True,True,True,True,True,C5.7,5.70944e-06,2023-01-12T22:42:00.000,9.0,5.446398517960915e-06,True
265,7073.0,202301130802.0,726869520.0,4.087855813850183e-06,3.9798464968043845e-06,3.967932116211159e-06,3.890822881658096e-06,False,False,False,False,True,C6.5,6.5546733e-06,2023-01-13T08:10:00.000,8.0,4.364820142654935e-06,False
266,7077.0,202301131455.0,726894600.0,6.874653081467841e-06,6.4628075051587075e-06,6.496274636447197e-06,6.140800451248651e-06,True,True,True,True,True,C8.4,8.487397e-06,2023-01-13T15:08:00.000,13.0,3.0912376587366452e-06,True
267,7082.0,202301141057.0,726966480.0,5.883415724383667e-06,5.757200142397778e-06,5.883415724383667e-06,5.696262178389588e-06,True,True,True,True,True,C7.0,7.0597084e-06,2023-01-14T11:06:00.000,9.0,3.2122720767802093e-06,True
268,7086.0,202301141529.0,726982500.0,4.145541879552184e-06,4.018491836177418e-06,4.0690929381526075e-06,3.9099536479625385e-06,False,False,False,False,True,C5.5,5.519442e-06,2023-01-14T15:33:00.000,4.0,3.7219961086520925e-06,False
269,7089.0,202301142037.0,727002120.0,3.906709389411844e-05,3.633899541455321e-05,3.696156636578962e-05,3.431447839830071e-05,True,True,True,True,True,M4.6,4.6022175e-05,2023-01-14T21:00:00.000,23.0,1.671840436756611e-05,True
270,7090.0,202301150308.0,727026180.0,5.2373776270542294e-05,4.854875442106277e-05,4.926469409838319e-05,4.563531183521263e-05,True,True,True,True,True,M6.0,6.02541e-05,2023-01-15T03:42:00.000,34.0,4.5196716200734954e-06,True
271,7100.0,202301170002.0,727186500.0,6.415996267605806e-06,5.757641247328138e-06,5.830405825690832e-06,5.377320576371858e-06,True,True,True,True,True,C9.4,9.425952e-06,2023-01-17T00:13:00.000,11.0,2.388422672083834e-06,True
272,7113.0,202301181434.0,727324920.0,2.278446800119127e-06,2.1528383058466716e-06,2.1241494323476218e-06,2.108189391947235e-06,False,False,False,False,True,C5.9,5.9235495e-06,2023-01-18T14:40:00.000,6.0,2.523230250517372e-06,False
273,7125.0,202301191526.0,727415280.0,4.36468417319702e-06,4.1462717490503564e-06,4.145365892327391e-06,4.010504198959097e-06,False,False,False,False,True,C5.5,5.583358e-06,2023-01-19T15:41:00.000,15.0,1.8956617395815556e-06,True
274,7127.0,202301192247.0,727441620.0,5.342466920410516e-06,5.076281013316475e-06,5.1401793825789355e-06,4.870331849815557e-06,True,True,True,False,True,C6.2,6.2352847e-06,2023-01-19T23:05:00.000,18.0,3.1777585718373302e-06,True
275,7133.0,202301221212.0,727662480.0,7.471153821825283e-06,6.822610430390341e-06,6.914313416928053e-06,6.366892648657085e-06,True,True,True,True,True,M1.1,1.1476338e-05,2023-01-22T12:26:00.000,14.0,6.098747235228075e-06,True
277,7145.0,202301250937.0,727913520.0,4.245519812684506e-05,4.135806011618115e-05,4.1584080463508144e-05,4.046101093990728e-05,True,True,True,True,True,M4.6,4.6541183e-05,2023-01-25T10:11:00.000,34.0,6.0654797380266245e-06,True
278,7147.0,202301251642.0,727938180.0,1.0130788723472506e-05,8.992463335744105e-06,9.09715163288638e-06,8.384359716728795e-06,True,True,True,True,True,M1.3,1.39858685e-05,2023-01-25T17:01:00.000,19.0,5.165070888324408e-06,True
279,7155.0,202301261253.0,728012040.0,7.155190360208508e-06,6.448513886425644e-06,6.797717105655465e-06,5.727191819460131e-06,True,True,True,True,True,M2.8,2.8712053e-05,2023-01-26T13:06:00.000,13.0,3.730038088178844e-06,True
280,7178.0,202302012233.0,728563800.0,3.6681481105915736e-06,3.10700420413923e-06,3.1922618290991522e-06,2.713721414693282e-06,False,False,False,False,True,C5.8,5.8190485e-06,2023-02-01T22:48:00.000,15.0,1.4622921753471019e-06,False
281,7202.0,202302071333.0,729050160.0,8.613255886302795e-06,8.09332232165616e-06,8.146992513502482e-06,7.7554359450005e-06,True,True,True,True,True,M1.0,1.02625645e-05,2023-02-07T13:53:00.000,20.0,4.3191648728679866e-06,True
282,7217.0,202302081528.0,729144300.0,1.2617199899978004e-05,1.1738688044715673e-05,1.1900092431460507e-05,1.1097770766355097e-05,True,True,True,True,True,M1.6,1.6258486e-05,2023-02-08T16:03:00.000,35.0,1.9736344256671146e-06,True
283,7219.0,202302081956.0,729159180.0,1.2853534826717805e-05,1.278401668969309e-05,1.2853534826717805e-05,1.2724082807835657e-05,True,True,True,True,True,M1.5,1.5476604e-05,2023-02-08T20:12:00.000,16.0,3.700984279930708e-06,True
284,7220.0,202302082103.0,729161820.0,1.5368401363957673e-05,1.1761917448893655e-05,1.711285403871443e-05,1.4157966688799206e-05,True,True,True,True,True,M1.7,1.7163804e-05,2023-02-08T21:13:00.000,10.0,8.999249075714033e-06,True
285,7221.0,202302082121.0,729162900.0,1.5111851098481566e-05,1.4382185327121988e-05,1.5785961295478046e-05,1.4973197721701581e-05,True,True,True,True,True,M1.7,1.7532e-05,2023-02-08T21:37:00.000,16.0,1.350511683995137e-05,True
286,7223.0,202302100245.0,729270300.0,2.7265290555078536e-05,2.3833510567783378e-05,2.4449229385936633e-05,2.126584695361089e-05,True,True,True,True,True,M3.7,3.7280977e-05,2023-02-10T03:03:00.000,18.0,2.301555468875449e-06,True
287,7230.0,202302101435.0,729318540.0,6.397558991011465e-06,6.105946795287309e-06,6.137966920505278e-06,5.906246315134922e-06,True,True,True,True,True,M1.1,1.1990826e-05,2023-02-10T14:55:00.000,20.0,3.5325099361216417e-06,True
288,7234.0,202302110610.0,729368520.0,7.78318371885689e-06,7.3195892582589295e-06,7.78318371885689e-06,7.495515546906972e-06,True,True,True,True,True,C5.2,5.2162013e-06,2023-02-11T06:20:00.000,10.0,2.8127883524575736e-06,False
289,7235.0,202302110627.0,729368520.0,7.78318371885689e-06,7.3920596150856e-06,7.78318371885689e-06,7.502301741624251e-06,True,True,True,True,True,C7.7,7.73768e-06,2023-02-11T06:34:00.000,7.0,4.249657195032341e-06,True
290,7236.0,202302110642.0,729369360.0,7.254412594193127e-06,7.0974542722979095e-06,7.202263077488169e-06,6.901643700985005e-06,True,True,True,True,True,C7.2,7.210485e-06,2023-02-11T06:45:00.000,3.0,6.423227659979602e-06,True
292,7238.0,202302110759.0,729375000.0,1.0484430276846979e-05,8.436754797003232e-06,8.644641638966277e-06,7.131839083740488e-06,True,True,True,True,True,M2.2,2.2959382e-05,2023-02-11T08:08:00.000,9.0,9.317185686086304e-06,True
293,7240.0,202302111042.0,729385200.0,7.673067557334434e-06,7.566098247480113e-06,7.570388333988376e-06,7.511332569265505e-06,True,True,True,True,True,M1.0,1.0622771e-05,2023-02-11T10:58:00.000,16.0,3.153835677949246e-06,True
294,7241.0,202302111129.0,729387360.0,9.886996849672869e-06,9.63971524470253e-06,9.637724360800348e-06,9.485967893851921e-06,True,True,True,True,True,M1.4,1.4995508e-05,2023-02-11T11:34:00.000,5.0,7.181485216278816e-06,True
295,7245.0,202302112245.0,729428280.0,7.572271442768397e-06,7.223410648293793e-06,7.572271442768397e-06,6.782812761230161e-06,True,True,True,True,True,C8.7,8.788076e-06,2023-02-11T22:57:00.000,12.0,5.034670721215662e-06,True
296,7251.0,202302120835.0,729463740.0,1.1790002645284403e-05,1.1447071301518008e-05,1.1437759894761257e-05,1.101218003896065e-05,True,True,True,True,True,M3.1,3.1839012e-05,2023-02-12T08:48:00.000,13.0,3.2941904919425724e-06,True
297,7255.0,202302121533.0,729489360.0,5.377731667977059e-06,4.732843081001192e-06,4.814539806829998e-06,4.284985607228009e-06,True,False,False,False,True,M1.0,1.0899995e-05,2023-02-12T15:38:00.000,5.0,2.596524154796498e-06,True
298,7256.0,202302121717.0,729494760.0,4.454726877156645e-06,4.165918198850704e-06,4.220176379021723e-06,3.9473475226259325e-06,False,False,False,False,True,C6.1,6.1452793e-06,2023-02-12T17:24:00.000,7.0,2.228110133728478e-06,False
299,7259.0,202302130504.0,729536340.0,7.335635473282309e-06,6.516076155094197e-06,8.130761671054643e-06,7.247788289532764e-06,True,True,True,True,True,M1.0,1.0947299e-05,2023-02-13T05:18:00.000,14.0,4.6080567699391395e-06,True
300,7260.0,202302130654.0,729544020.0,4.293163328839e-06,4.091551545570837e-06,4.094648829777725e-06,3.985034254583297e-06,False,False,False,False,True,C6.2,6.2209024e-06,2023-02-13T07:05:00.000,11.0,2.398143806203734e-06,False
301,7271.0,202302131857.0,729587880.0,5.741292170569068e-06,5.606315426121e-06,5.5878776947793085e-06,5.546503871300956e-06,True,True,True,True,True,C7.3,7.381795e-06,2023-02-13T19:16:00.000,19.0,3.2667030609445646e-06,True
302,7272.0,202302131931.0,729588960.0,4.94707683174056e-06,4.708942014985951e-06,4.750526386487763e-06,4.5256911107571796e-06,False,False,False,False,True,C5.6,5.6781123e-06,2023-02-13T19:34:00.000,3.0,5.418370164989028e-06,True
303,7283.0,202302141159.0,729649500.0,1.7819653294282034e-05,1.6923650036915205e-05,1.7112522982642986e-05,1.6210035028052516e-05,True,True,True,True,True,M2.6,2.6944906e-05,2023-02-14T12:12:00.000,13.0,1.6892577150429133e-06,True
304,7284.0,202302142113.0,729682020.0,5.594342837866861e-06,5.194793175178347e-06,5.235741809883621e-06,4.9269442570221145e-06,True,True,True,False,True,C8.9,8.959567e-06,2023-02-14T21:25:00.000,12.0,1.8585465113574173e-06,True
305,7291.0,202302161016.0,729817260.0,8.373745004064403e-06,8.176859410014004e-06,8.267074917966966e-06,7.965539225551765e-06,True,True,True,True,True,C9.0,9.020078e-06,2023-02-16T10:59:00.000,43.0,1.4390977867151378e-06,True
306,7295.0,202302162039.0,729854280.0,8.868602890288457e-06,8.714882824278902e-06,8.768385669100098e-06,8.57479972182773e-06,True,True,True,True,True,C9.1,9.15186e-06,2023-02-16T21:16:00.000,37.0,1.3476301319315098e-06,True
307,7303.0,202302171938.0,729937140.0,0.00018794211791828275,0.00017779844347387552,0.00017926425789482892,0.0001703927991911769,True,True,True,True,True,X2.2,0.00022803889,2023-02-17T20:16:00.000,38.0,2.4135511011991184e-06,True
308,7305.0,202302181149.0,729993720.0,3.7334054923121585e-06,3.4166680507041747e-06,3.4423703709762776e-06,3.238369799873908e-06,False,False,False,False,True,C7.7,7.7677005e-06,2023-02-18T12:00:00.000,11.0,3.09961728817143e-06,False
309,7306.0,202302181831.0,730017480.0,1.999508867811528e-06,1.974504129975685e-06,2.032414158747997e-06,1.991295903280843e-06,False,False,False,False,True,C7.6,7.668683e-06,2023-02-18T18:36:00.000,5.0,1.8137654933525482e-06,False
310,7312.0,202302220451.0,730315260.0,1.0453336471982766e-05,9.649812454881612e-06,9.766753464646172e-06,9.08171568880789e-06,True,True,True,True,True,M1.4,1.4061393e-05,2023-02-22T05:12:00.000,21.0,1.9328163034515455e-06,True
311,7317.0,202302221336.0,730345920.0,1.0018977263825946e-05,7.896542228991166e-06,8.086619345704094e-06,6.58821954857558e-06,True,True,True,True,True,M2.6,2.6797543e-05,2023-02-22T13:50:00.000,14.0,1.7706622656987747e-06,True
313,7323.0,202302230400.0,730396920.0,7.900116543169133e-06,7.825888133083936e-06,7.900317541498225e-06,7.864467988838442e-06,True,True,True,True,True,C7.8,7.888192e-06,2023-02-23T04:12:00.000,12.0,5.89724231758737e-06,True
314,7328.0,202302230832.0,730414140.0,1.2839239388995338e-05,1.2560354662127793e-05,1.2839239388995338e-05,1.2765217434207443e-05,True,True,True,True,True,M1.0,1.0244244e-05,2023-02-23T08:48:00.000,16.0,2.979402552227839e-06,True
315,7329.0,202302230851.0,730414140.0,1.2839239388995338e-05,1.2560354662127793e-05,1.2839239388995338e-05,1.2734853044094052e-05,True,True,True,True,True,M1.2,1.2824834e-05,2023-02-23T09:01:00.000,10.0,1.0016487067332491e-05,True
317,7332.0,202302231504.0,730437300.0,2.708853571675718e-06,2.4258340545202373e-06,2.6551822429610183e-06,2.4198454866564134e-06,False,False,False,False,True,C7.5,7.54121e-06,2023-02-23T15:13:00.000,9.0,2.480341663613217e-06,False
318,7350.0,202302251534.0,730611720.0,4.221401468385011e-06,3.6956269013899146e-06,3.7617667203448946e-06,3.3443777738284552e-06,False,False,False,False,True,M1.0,1.0860275e-05,2023-02-25T15:40:00.000,6.0,9.594891707820352e-07,False
319,7351.0,202302251840.0,730626360.0,5.768322080257349e-05,5.524131120182574e-05,5.5820481065893546e-05,5.333582521416247e-05,True,True,True,True,True,M6.3,6.354004e-05,2023-02-25T19:44:00.000,64.0,1.0960941381199518e-06,True
320,7352.0,202302261151.0,730684920.0,3.88151420338545e-06,3.600935315262177e-06,3.6457888654695125e-06,3.3982234981522197e-06,False,False,False,False,True,C5.5,5.539139e-06,2023-02-26T12:00:00.000,9.0,2.0986592517147074e-06,False
321,7362.0,202302281735.0,730881420.0,4.699385044659721e-06,4.452577286429005e-06,4.471377451409353e-06,4.296659881219966e-06,False,False,False,False,True,M8.6,8.617607e-05,2023-02-28T17:50:00.000,15.0,1.9335566321387887e-06,True
322,7365.0,202303010143.0,730907340.0,3.221602128178347e-06,2.790134885799489e-06,2.819969949996448e-06,2.5245453798561357e-06,False,False,False,False,True,C9.4,9.410009e-06,2023-03-01T01:47:00.000,4.0,5.193019205762539e-06,True
323,7380.0,202303021204.0,731031120.0,2.225969865321531e-06,2.1889748040848644e-06,2.1814994397573173e-06,2.1597436443698825e-06,False,False,False,False,True,C6.5,6.5356735e-06,2023-03-02T12:10:00.000,6.0,2.278365172969643e-06,False
324,7382.0,202303030210.0,731082300.0,4.9298560043098405e-06,4.301829449104844e-06,4.418183380039409e-06,3.849963377433596e-06,False,False,False,False,True,,7.2213907e-06,2023-03-03T02:23:00.000,13.0,3.629040065789013e-06,True
325,7383.0,202303031008.0,731111640.0,2.4254217350971885e-05,2.1287791241775267e-05,2.167422280763276e-05,1.9205230273655616e-05,True,True,True,True,True,,3.2988202e-05,2023-03-03T10:32:00.000,24.0,3.346443918417208e-06,True
327,7397.0,202303041334.0,731208420.0,9.8519758466864e-06,6.260573627514532e-06,1.2268714272067882e-05,8.794530003797263e-06,True,True,True,True,True,M1.2,1.2194286e-05,2023-03-04T13:42:00.000,8.0,4.170803094893927e-06,True
328,7400.0,202303041519.0,731217540.0,4.8268666432704777e-05,4.576977153192274e-05,4.62442658317741e-05,4.374968193587847e-05,True,True,True,True,True,M5.2,5.2677944e-05,2023-03-04T15:57:00.000,38.0,6.756806214980315e-06,True
329,7410.0,202303051323.0,731296800.0,5.692299055226613e-06,5.403783234214643e-06,5.475919806485763e-06,5.166673417988932e-06,True,True,True,True,True,C6.2,6.290404e-06,2023-03-05T13:58:00.000,35.0,2.310029003638192e-06,True
330,7417.0,202303060208.0,731341740.0,2.809220677590929e-05,2.696046431083232e-05,2.8391328669385985e-05,2.7644498914014548e-05,True,True,True,True,True,M5.8,5.8042177e-05,2023-03-06T02:28:00.000,20.0,1.5947982774378033e-06,True
331,7431.0,202303080953.0,731542440.0,9.402963769389316e-06,8.883935151970945e-06,8.933957360568456e-06,8.562646144127939e-06,True,True,True,True,True,M1.1,1.1960694e-05,2023-03-08T10:12:00.000,19.0,1.4751419712411007e-06,True
332,7450.0,202303100642.0,731704140.0,4.043437002110295e-06,3.2505067792953923e-06,3.3416190490243025e-06,2.7381790914660087e-06,False,False,False,False,True,C7.1,7.157015e-06,2023-03-10T07:08:00.000,26.0,1.1579143119888613e-06,True
333,7492.0,202303200119.0,732548940.0,1.2231495020387229e-05,1.217230692418525e-05,1.2209006854391191e-05,1.206697470479412e-05,True,True,True,True,True,M1.2,1.2837128e-05,2023-03-20T01:48:00.000,29.0,3.977398137067212e-06,True
334,7536.0,202303290218.0,733329300.0,3.986491356045008e-05,3.1890071113593876e-05,3.257020216551609e-05,2.6846993932849728e-05,True,True,True,True,True,X1.2,0.00012713997,2023-03-29T02:33:00.000,15.0,2.0662434963014675e-06,True
335,7538.0,202303291558.0,733378440.0,6.7606429183797445e-06,6.701992333546514e-06,6.7606429183797445e-06,6.744182883267058e-06,True,True,True,True,True,C5.6,5.6773324e-06,2023-03-29T16:12:00.000,14.0,1.144069074143772e-06,True
336,7539.0,202303291614.0,733378440.0,6.7606429183797445e-06,6.695855972793652e-06,6.7606429183797445e-06,6.659394784946926e-06,True,True,True,True,True,C6.6,6.6847197e-06,2023-03-29T16:25:00.000,11.0,5.536126082006376e-06,True
337,7556.0,202304010249.0,733591680.0,6.7059340835839976e-06,6.536201453855028e-06,6.582917649211595e-06,6.424619641620666e-06,True,True,True,True,True,C6.8,6.800397e-06,2023-04-01T03:28:00.000,39.0,7.012015998952847e-07,True
338,7575.0,202304072324.0,734183040.0,3.0283565592981176e-06,2.899014589274884e-06,2.9224543141026516e-06,2.794592774080229e-06,False,False,False,False,True,C5.8,5.8539254e-06,2023-04-07T23:34:00.000,10.0,1.015518364511081e-06,False
339,7590.0,202304090551.0,734292600.0,6.5255590016022325e-06,5.780824722023681e-06,5.9061603678856045e-06,5.220306775299832e-06,True,True,True,True,True,C9.0,9.096509e-06,2023-04-09T06:08:00.000,17.0,1.1002980500052217e-06,True
341,7648.0,202304131032.0,734654700.0,6.7497726377041545e-06,6.425891569961095e-06,6.7497726377041545e-06,6.631484211538918e-06,True,True,True,True,True,C8.4,8.474599e-06,2023-04-13T10:43:00.000,11.0,1.6611792261755909e-06,True
342,7649.0,202304131053.0,734654700.0,6.7497726377041545e-06,6.431272140616784e-06,6.7497726377041545e-06,6.413788014469901e-06,True,True,True,True,True,C6.7,6.7461547e-06,2023-04-13T10:56:00.000,3.0,6.0829152062069625e-06,True
343,7693.0,202304171417.0,735013980.0,3.6940721201972337e-06,3.2733425996411825e-06,3.327616241222131e-06,2.9740210720774485e-06,False,False,False,False,True,C6.9,6.923453e-06,2023-04-17T14:31:00.000,14.0,1.71504916579579e-06,False
344,7759.0,202304280111.0,735917040.0,5.260177204036154e-06,4.99947873322526e-06,5.0270409701624885e-06,4.816600267076865e-06,True,False,True,False,True,C6.6,6.6787725e-06,2023-04-28T01:22:00.000,11.0,4.849414381169481e-06,True
345,7770.0,202304282111.0,735990420.0,6.445718554459745e-06,6.1566011027025525e-06,6.214786480995826e-06,5.908705588808516e-06,True,True,True,True,True,C7.1,7.130625e-06,2023-04-28T21:45:00.000,34.0,2.8247054615349043e-06,True
346,7777.0,202304291346.0,736049340.0,6.1034020291117486e-06,6.035889327904442e-06,6.1034020291117486e-06,5.990962108626263e-06,True,True,True,True,True,C6.1,6.118572e-06,2023-04-29T14:07:00.000,21.0,2.7998762561765034e-06,True
347,7786.0,202304301956.0,736158600.0,1.575701571709942e-05,1.3684993064089213e-05,1.3934466551290825e-05,1.2300520211283583e-05,True,True,True,True,True,M2.4,2.4421777e-05,2023-04-30T20:28:00.000,32.0,1.3345559182198485e-06,True
348,7794.0,202305010653.0,736196940.0,4.941232418786967e-06,4.663072104449384e-06,4.6941431719460525e-06,4.428685770108132e-06,False,False,False,False,True,C5.4,5.4158254e-06,2023-05-01T07:07:00.000,14.0,1.5737371086288476e-06,True
349,7805.0,202305012219.0,736252440.0,5.409610821516253e-06,4.8297993089363445e-06,4.91248601974803e-06,4.418513981363503e-06,True,False,False,False,True,C7.4,7.46061e-06,2023-05-01T22:32:00.000,13.0,3.7618276564899134e-06,True
350,7823.0,202305030725.0,736371540.0,7.463558631570777e-06,7.272228685906157e-06,7.318246389331762e-06,7.085120614647167e-06,True,True,True,True,True,,9.672684e-06,2023-05-03T07:37:00.000,12.0,3.2379903132095933e-06,True
351,7828.0,202305031224.0,736389420.0,4.203441676509101e-06,3.543968205121928e-06,3.5414630019658944e-06,3.1735269203636562e-06,False,False,False,False,True,,1.8053775e-05,2023-05-03T12:35:00.000,11.0,2.3105862965167034e-06,True
352,7840.0,202305040805.0,736461960.0,3.140491389785893e-05,2.864088492060546e-05,2.9114933568052948e-05,2.6608258849591948e-05,True,True,True,True,True,M3.9,3.960402e-05,2023-05-04T08:44:00.000,39.0,1.5102469888006453e-06,True
353,7843.0,202305041804.0,736498920.0,5.429073098639492e-06,5.2199288802512456e-06,5.255767973721959e-06,5.08828770762193e-06,True,True,True,True,False,C3.3,3.3377385e-06,2023-05-04T18:11:00.000,7.0,2.278906322317198e-06,True
354,7848.0,202305050730.0,736545780.0,1.9485276425257325e-05,1.8693106540013105e-05,1.8844555597752333e-05,1.806295222195331e-05,True,True,True,True,True,M2.1,2.1081476e-05,2023-05-05T08:01:00.000,31.0,6.285315066634212e-06,True
355,7850.0,202305051539.0,736573740.0,6.755574304406764e-06,6.169635526021011e-06,6.267862772801891e-06,5.741748736909358e-06,True,True,True,True,True,C8.2,8.280663e-06,2023-05-05T15:47:00.000,8.0,7.400426966341911e-06,True
356,7853.0,202305060036.0,736616160.0,5.725919891119702e-06,5.652649633702822e-06,5.849645731359487e-06,5.714758572139544e-06,True,True,True,True,False,C2.8,2.899091e-06,2023-05-06T00:42:00.000,6.0,2.3001198314887006e-06,True
357,7863.0,202305072140.0,736770900.0,1.4262255717767403e-05,1.3953104826214258e-05,1.4000587725604419e-05,1.384227471135091e-05,True,True,True,True,True,M1.5,1.5397933e-05,2023-05-07T22:34:00.000,54.0,1.3039476698395447e-06,True
358,7864.0,202305072253.0,736773840.0,1.628414429433178e-05,1.6153277101693675e-05,1.6156591300386935e-05,1.6103742382256314e-05,True,True,True,True,True,M1.6,1.6399104e-05,2023-05-07T23:23:00.000,30.0,1.3521229448087979e-05,True
359,7884.0,202305090758.0,736892220.0,3.972814283770276e-06,3.5001846754312282e-06,3.546102334439638e-06,3.19205287269142e-06,False,False,False,False,True,C5.3,5.3015406e-06,2023-05-09T08:14:00.000,16.0,1.921430794027401e-06,False
360,7886.0,202305091000.0,736899720.0,8.522329153493047e-06,7.182668468885822e-06,7.383994216070278e-06,6.216033852979308e-06,True,True,True,True,True,M1.3,1.375337e-05,2023-05-09T10:20:00.000,20.0,1.7734088260112912e-06,True
361,7891.0,202305091423.0,736915440.0,5.381937171478057e-06,4.762365279020742e-06,4.857395197177539e-06,4.34686307926313e-06,True,False,False,False,True,C7.3,7.321528e-06,2023-05-09T14:42:00.000,19.0,2.1377966277214e-06,True
362,7893.0,202305091820.0,736930800.0,3.648064739536494e-05,3.37931742251385e-05,3.432781886658631e-05,3.16936602757778e-05,True,True,True,True,True,M4.2,4.2909116e-05,2023-05-09T18:58:00.000,38.0,2.296494130860083e-06,True
363,7894.0,202305092032.0,736937640.0,3.038255454157479e-05,2.542602851463016e-05,2.6345360311097465e-05,2.180779119953513e-05,True,True,True,True,True,M5.0,5.0188308e-05,2023-05-09T20:52:00.000,20.0,7.086528967192862e-06,True
364,7911.0,202305110847.0,737067780.0,9.466866686125286e-06,7.1469839895144105e-06,7.562088740087347e-06,5.490923740580911e-06,True,True,True,True,True,M2.1,2.1976146e-05,2023-05-11T09:01:00.000,14.0,1.1363989642632077e-06,True
365,7914.0,202305111813.0,737101860.0,8.729854016564786e-06,7.519408882217249e-06,7.749878022877965e-06,6.6422339841665234e-06,True,True,True,True,True,M1.8,1.8860357e-05,2023-05-11T18:29:00.000,16.0,1.630505266803084e-06,True
366,7927.0,202305122353.0,737210820.0,8.709246685612015e-06,8.569239980715793e-06,8.596808584115934e-06,8.447113032161724e-06,True,True,True,True,True,C9.0,9.056142e-06,2023-05-13T00:45:00.000,52.0,5.283475729811471e-06,True
367,7953.0,202305161631.0,737527500.0,3.227355409762822e-05,2.4349521481781267e-05,2.5307421310571954e-05,1.9299723135191016e-05,True,True,True,True,True,M9.6,9.619491e-05,2023-05-16T16:43:00.000,12.0,9.978554089684621e-07,True
368,7959.0,202305171614.0,737613000.0,6.088801910664188e-06,5.531810074899113e-06,5.733789748774143e-06,5.033400157117285e-06,True,True,True,True,True,C7.4,7.45451e-06,2023-05-17T16:28:00.000,14.0,1.5111036191228777e-06,True
369,7963.0,202305180303.0,737652180.0,6.432932877942221e-06,5.803871317766607e-06,5.913448148930911e-06,5.3435373956745025e-06,True,True,True,True,True,C8.6,8.634352e-06,2023-05-18T03:21:00.000,18.0,1.2046383517372306e-06,True
370,7967.0,202305180648.0,737665020.0,6.221093826752622e-06,5.817140845465474e-06,5.893294201086974e-06,5.517625595530262e-06,True,True,True,True,True,M1.2,1.2864894e-05,2023-05-18T06:55:00.000,7.0,3.5404520986048738e-06,True
371,7973.0,202305181200.0,737683320.0,1.935381442308426e-05,1.893608714453876e-05,1.935381442308426e-05,1.9034849174204282e-05,True,True,True,True,True,M1.9,1.933483e-05,2023-05-18T12:13:00.000,13.0,1.4364546586875804e-05,True
372,7974.0,202305181239.0,737686260.0,1.1518492101458833e-05,1.0332022611692082e-05,1.0556100278336089e-05,9.467351446801331e-06,True,True,True,True,True,M1.6,1.6856608e-05,2023-05-18T12:49:00.000,10.0,1.1399127288314048e-05,True
373,7977.0,202305181732.0,737704320.0,6.767168542864965e-06,6.32254705124069e-06,6.3121474340732675e-06,6.1943951550347265e-06,True,True,True,True,True,M1.1,1.11368645e-05,2023-05-18T17:51:00.000,19.0,2.439749323457363e-06,True
374,7979.0,202305182051.0,737716020.0,3.326085425214842e-05,2.98173981718719e-05,3.0336443160194904e-05,2.7442501959740184e-05,True,True,True,True,True,M4.5,4.5044293e-05,2023-05-18T21:05:00.000,14.0,2.3203550881589763e-05,True
375,7999.0,202305191945.0,737798880.0,1.9059407350141555e-05,1.884639641502872e-05,1.9059407350141555e-05,1.8938433640869334e-05,True,True,True,True,True,M2.3,2.3233073e-05,2023-05-19T20:06:00.000,21.0,3.252462647651555e-06,True
376,8000.0,202305192014.0,737798880.0,1.9297182006994262e-05,1.892152795335278e-05,2.3936316210892983e-05,2.0191524527035654e-05,True,True,True,True,True,M2.7,2.7547767e-05,2023-05-19T20:26:00.000,12.0,1.686366886133328e-05,True
377,8009.0,202305200649.0,737838180.0,7.087920039339224e-06,6.0207644310139585e-06,6.0783568187616765e-06,5.634808530885493e-06,True,True,True,True,True,M1.0,1.0716228e-05,2023-05-20T07:02:00.000,13.0,3.7123145375517197e-06,True
379,8012.0,202305201048.0,737852160.0,1.3652967027155682e-05,1.1601018741203006e-05,1.1953227840422187e-05,1.0144593943550717e-05,True,True,True,True,True,M1.6,1.6341868e-05,2023-05-20T10:54:00.000,6.0,3.5097116324322997e-06,True
380,8015.0,202305201454.0,737866080.0,5.678035813616589e-05,3.292527617304586e-05,5.678035813616589e-05,4.090555012226105e-05,True,True,True,True,True,M5.6,5.6766745e-05,2023-05-20T15:00:00.000,6.0,4.528964836936211e-06,True
382,8025.0,202305202019.0,737886600.0,4.96353368362179e-06,4.780336894327775e-06,4.834819719690131e-06,4.618256298272172e-06,False,False,False,False,True,C6.4,6.448977e-06,2023-05-20T20:28:00.000,9.0,5.0977992032130715e-06,True
384,8036.0,202305211120.0,737940720.0,4.82338464280474e-06,4.654548320104368e-06,4.690110472438391e-06,4.510783128353069e-06,False,False,False,False,True,C5.4,5.433499e-06,2023-05-21T11:30:00.000,10.0,3.62707623935421e-06,True
385,8038.0,202305211549.0,737957160.0,1.6627864170004614e-05,1.3866494555259123e-05,1.4355715393321589e-05,1.1829710274469107e-05,True,True,True,True,True,M2.6,2.6035319e-05,2023-05-21T16:04:00.000,15.0,2.403907274128869e-06,True
386,8074.0,202305241704.0,738221040.0,1.4215457667887677e-05,1.2964367670065258e-05,1.3166286407795269e-05,1.2138184501964133e-05,True,True,True,True,True,M1.8,1.8525629e-05,2023-05-24T17:21:00.000,17.0,1.7006934740493307e-06,True
387,8094.0,202305251437.0,738298080.0,3.1215279250318417e-06,2.3168956886365777e-06,2.3652858089917572e-06,1.8642986105987802e-06,False,False,False,False,True,M1.1,1.1876113e-05,2023-05-25T14:46:00.000,9.0,1.458340193494223e-06,True
388,8103.0,202305261741.0,738395760.0,4.0678473851585295e-06,3.581448254408315e-06,3.6666469895862974e-06,3.215066726625082e-06,False,False,False,False,True,C5.5,5.5943756e-06,2023-05-26T17:54:00.000,13.0,1.4441909570450662e-06,False
389,8108.0,202305262248.0,738414300.0,8.71543034008937e-06,7.753419595246669e-06,7.939956049085595e-06,7.009222827036865e-06,True,True,True,True,True,M1.3,1.3762226e-05,2023-05-26T23:03:00.000,15.0,4.805894604942296e-06,True
390,8120.0,202305281021.0,738542280.0,7.460468623321503e-06,6.75429510010872e-06,6.883800324430922e-06,6.240254151634872e-06,True,True,True,True,True,M1.0,1.0142524e-05,2023-05-28T10:36:00.000,15.0,9.000503382594616e-07,True
391,8145.0,202305310424.0,738779760.0,1.0671553354768548e-05,9.47337321122177e-06,1.0671553354768548e-05,9.598043106961995e-06,True,True,True,True,True,M1.3,1.31739325e-05,2023-05-31T04:38:00.000,14.0,3.0948456242185785e-06,True
392,8147.0,202305310601.0,738785460.0,3.515999424053007e-06,3.212667934349156e-06,3.2186264888878213e-06,3.0370208605745574e-06,False,False,False,False,True,C5.7,5.779092e-06,2023-05-31T06:09:00.000,8.0,3.452483042565291e-06,False
393,8149.0,202305310816.0,738793980.0,4.782296855410095e-06,4.662462288251845e-06,4.657694262277801e-06,4.575327693601139e-06,False,False,False,False,True,C6.1,6.1166493e-06,2023-05-31T08:31:00.000,15.0,2.817543872879469e-06,False
394,8151.0,202305311050.0,738803100.0,4.653639280149946e-06,4.361397714092163e-06,4.42168766312534e-06,4.137186806474347e-06,False,False,False,False,True,C5.4,5.401404e-06,2023-05-31T11:03:00.000,13.0,2.144392738046008e-06,True
395,8160.0,202305311953.0,738835920.0,7.578458280477207e-06,6.8068761720496695e-06,7.017926236585481e-06,6.131003374321153e-06,True,True,True,True,True,C9.6,9.63824e-06,2023-05-31T20:10:00.000,17.0,1.7224614339284017e-06,True
396,8161.0,202305312040.0,738838200.0,5.702579073840752e-06,5.087642875878373e-06,5.21282618137775e-06,4.62256957689533e-06,True,True,True,False,True,C6.8,6.8467148e-06,2023-05-31T20:48:00.000,8.0,3.076621396758128e-06,True
397,8162.0,202305312147.0,738843000.0,1.5262168744811788e-05,1.416410395904677e-05,1.5262168744811788e-05,1.4782010111957788e-05,True,True,True,True,True,M1.0,1.05579575e-05,2023-05-31T22:08:00.000,21.0,2.4274843326566042e-06,True
398,8163.0,202305312214.0,738843000.0,1.591645741427783e-05,1.4456162716669496e-05,1.7371967260260135e-05,1.571586835780181e-05,True,True,True,True,True,M4.2,4.2883014e-05,2023-05-31T22:52:00.000,38.0,1.0163995284528937e-05,True
399,8168.0,202306011113.0,738890820.0,4.498575890465872e-06,4.195715064270189e-06,4.196809186396422e-06,4.029463525512256e-06,False,False,False,False,True,C6.5,6.506121e-06,2023-06-01T11:25:00.000,12.0,2.0461641270230757e-06,True
400,8173.0,202306012023.0,738924180.0,5.367799076338997e-06,5.064658125775168e-06,5.1249953685328364e-06,4.832324520975817e-06,True,True,True,False,True,C6.2,6.2675617e-06,2023-06-01T20:41:00.000,18.0,3.17119997816917e-06,True
401,8177.0,202306022226.0,739017840.0,5.334367415343877e-06,4.927204827254172e-06,4.994940809410764e-06,4.5930364649393596e-06,True,False,False,False,True,C6.3,6.314148e-06,2023-06-02T22:42:00.000,16.0,1.3441480177789344e-06,True
402,8203.0,202306060828.0,739312980.0,4.401524620334385e-06,4.370631359051913e-06,4.401524620334385e-06,4.348165020928718e-06,False,False,False,False,True,C5.6,5.604348e-06,2023-06-06T08:41:00.000,13.0,1.7886720797832822e-06,False
403,8209.0,202306070616.0,739392420.0,6.2396711655310355e-06,5.8733530750032514e-06,5.961338501947466e-06,5.553192295337794e-06,True,True,True,True,True,C7.1,7.153072e-06,2023-06-07T06:45:00.000,29.0,1.3512117220670916e-06,True
404,8225.0,202306091648.0,739602780.0,1.5386371160275303e-05,1.31831284306827e-05,1.3536526239477098e-05,1.1653784895315766e-05,True,True,True,True,True,M2.5,2.5048885e-05,2023-06-09T17:11:00.000,23.0,1.3503940863301978e-06,True
405,8272.0,202306151233.0,740105820.0,9.62305875873426e-06,9.497539394942578e-06,9.62305875873426e-06,9.341371878690552e-06,True,True,True,True,True,C9.7,9.7498605e-06,2023-06-15T12:55:00.000,22.0,1.2302472214287263e-06,True
406,8280.0,202306161020.0,740183940.0,8.977610377769452e-06,8.227360922319349e-06,8.390114999201614e-06,7.606491180922603e-06,True,True,True,True,True,M1.0,1.0824913e-05,2023-06-16T10:38:00.000,18.0,1.3397917655311176e-06,True
407,8294.0,202306181325.0,740368500.0,2.0561934434226714e-05,1.8611788618727587e-05,1.8969765733345412e-05,1.710567084955983e-05,True,True,True,True,True,M2.5,2.521706e-05,2023-06-18T13:53:00.000,28.0,2.0941297407262027e-06,True
410,8313.0,202306201117.0,740531940.0,1.8008551705861464e-05,1.6891312043298967e-05,1.7383003068971448e-05,1.553535184939392e-05,True,True,True,True,True,M1.8,1.8353629e-05,2023-06-20T11:25:00.000,8.0,9.336295988759957e-06,True
411,8327.0,202306211231.0,740623560.0,6.5943663685175125e-06,5.54261714569293e-06,5.678495654137805e-06,4.851347057410749e-06,True,True,True,False,True,M1.1,1.1692912e-05,2023-06-21T12:44:00.000,13.0,2.581774651844171e-06,True
412,8328.0,202306211531.0,740634000.0,2.1866710540052736e-06,2.019151679633069e-06,2.0331904124759603e-06,1.9121941932098707e-06,False,False,False,False,True,M1.0,1.0018185e-05,2023-06-21T15:38:00.000,7.0,1.5678609770475305e-06,False
413,8335.0,202306221057.0,740704980.0,8.008177246665582e-06,7.154338618420297e-06,7.193717465270311e-06,6.538088200613856e-06,True,True,True,True,True,,1.1594849e-05,2023-06-22T11:21:00.000,24.0,1.8716958720688126e-06,True
414,8381.0,202306260349.0,741024300.0,6.186396149132634e-06,5.570297162194038e-06,5.6706076065893285e-06,5.144575425219955e-06,True,True,True,True,True,C7.0,7.0857272e-06,2023-06-26T04:02:00.000,13.0,1.071817791853391e-06,True
415,8386.0,202306261213.0,741054420.0,2.6253421765431995e-06,2.3079730908648344e-06,2.3416960175381973e-06,2.096005800922285e-06,False,False,False,False,True,C7.5,7.510954e-06,2023-06-26T12:25:00.000,12.0,1.6413254115832387e-06,False
416,8397.0,202306271457.0,741150960.0,9.85757742455462e-06,9.373964530823287e-06,9.567231245455332e-06,9.076822607312351e-06,True,True,True,True,True,M1.2,1.27224985e-05,2023-06-27T15:14:00.000,17.0,1.1527077958817245e-06,True
417,8398.0,202306271519.0,741150960.0,9.85757742455462e-06,9.178446816804353e-06,9.567231245455332e-06,8.317972060467582e-06,True,True,True,True,True,C9.7,9.774067e-06,2023-06-27T15:25:00.000,6.0,7.709685633017216e-06,True
418,8428.0,202306291400.0,741320220.0,1.3455897715175524e-05,1.1958915820287075e-05,1.2013579180347733e-05,1.1114818335045129e-05,True,True,True,True,True,M3.8,3.8475413e-05,2023-06-29T14:15:00.000,15.0,1.4409681625693338e-06,True
419,8430.0,202306292152.0,741348540.0,3.7512420476559782e-06,3.5165851386409486e-06,3.5426705835561734e-06,3.368219950061757e-06,False,False,False,False,True,C5.3,5.3166923e-06,2023-06-29T22:07:00.000,15.0,1.2786870229319902e-06,False
420,8433.0,202306300951.0,741391500.0,5.293552476359764e-06,4.608746166923083e-06,4.7673324843344744e-06,4.107689619559096e-06,True,False,False,False,True,C5.7,5.7355937e-06,2023-06-30T10:03:00.000,12.0,1.4855312429062906e-06,True
421,8483.0,202307041220.0,741746220.0,1.0987424502673093e-05,1.016345322568668e-05,1.0282422408636194e-05,9.523791959509254e-06,True,True,True,True,True,M1.4,1.4824998e-05,2023-07-04T12:35:00.000,15.0,1.594911168467661e-06,True
422,8489.0,202307042327.0,741786060.0,4.819359219254693e-06,4.429174168762984e-06,4.399929366627475e-06,4.231242655805545e-06,False,False,False,False,True,C6.0,6.0348148e-06,2023-07-04T23:39:00.000,12.0,2.421872068225639e-06,True
423,8500.0,202307051836.0,741855600.0,8.636508937343024e-06,8.02243721409468e-06,8.130667083605658e-06,7.6140881901665125e-06,True,True,True,True,True,M1.0,1.0145368e-05,2023-07-05T18:58:00.000,22.0,3.198570993845351e-06,True
424,8509.0,202307061032.0,741912660.0,8.597051419201307e-06,7.98513792688027e-06,8.136656106216833e-06,7.470844138879329e-06,True,True,True,True,True,M1.0,1.0635524e-05,2023-07-06T10:49:00.000,17.0,3.3527487630635733e-06,True
425,8513.0,202307070617.0,741983460.0,1.618603346287273e-05,1.306392459810013e-05,1.3434574611892458e-05,1.0971639312629122e-05,True,True,True,True,True,M4.0,4.0558723e-05,2023-07-07T06:29:00.000,12.0,1.5650247178200516e-06,True
426,8536.0,202307100149.0,742226400.0,4.4241323848837055e-06,4.118455308343982e-06,4.1852554204524495e-06,3.869104148179758e-06,False,False,False,False,True,C9.3,9.36338e-06,2023-07-10T01:58:00.000,9.0,3.083125648117857e-06,False
427,8537.0,202307100329.0,742233420.0,1.834142312873155e-05,1.6182701074285433e-05,1.6547845007153228e-05,1.458670521969907e-05,True,True,True,True,True,M2.3,2.3619104e-05,2023-07-10T03:55:00.000,26.0,3.288388825239963e-06,True
428,8554.0,202307111250.0,742352520.0,4.343623459135415e-06,4.015315880678827e-06,3.987407581007574e-06,3.891265350830508e-06,False,False,False,False,True,C6.5,6.5257414e-06,2023-07-11T13:00:00.000,10.0,3.851347173622344e-06,True
429,8557.0,202307111602.0,742362720.0,7.543247193098068e-06,7.026501862128498e-06,8.013979822862893e-06,7.188589279394364e-06,True,True,True,True,True,M1.1,1.1661189e-05,2023-07-11T16:12:00.000,10.0,6.754993137292331e-06,True
430,8559.0,202307111920.0,742375860.0,8.921203516365495e-06,8.630413503851742e-06,8.668114787724335e-06,8.42609370010905e-06,True,True,True,True,True,M1.0,1.0930924e-05,2023-07-11T19:29:00.000,9.0,7.261911832756596e-06,True
431,8563.0,202307120210.0,742403040.0,7.308763542823726e-06,7.187376013462199e-06,7.308763542823726e-06,6.988066616031574e-06,True,True,True,True,True,C8.7,8.746843e-06,2023-07-12T02:19:00.000,9.0,6.00029170527705e-06,True
432,8564.0,202307120431.0,742409460.0,7.821199687896296e-06,7.393180112558184e-06,7.469525826309109e-06,7.024978458503028e-06,True,True,True,True,True,M1.3,1.3423998e-05,2023-07-12T04:45:00.000,14.0,4.001661181973759e-06,True
433,8565.0,202307120510.0,742410960.0,8.657829312141985e-06,7.571471087430837e-06,7.74770524003543e-06,6.853923423477681e-06,True,True,True,True,True,M1.3,1.3514397e-05,2023-07-12T05:14:00.000,4.0,5.976358806947246e-06,True
434,8566.0,202307120610.0,742414740.0,3.7772485939058242e-06,3.597149998313398e-06,3.6093681501370156e-06,3.467673877821653e-06,False,False,False,False,True,C5.6,5.6268896e-06,2023-07-12T06:17:00.000,7.0,3.7581971810141113e-06,False
436,8579.0,202307130052.0,742482000.0,3.8014147776266327e-06,3.7682723359466763e-06,3.918224138033111e-06,3.8087946450104937e-06,False,False,False,False,True,C8.0,8.063147e-06,2023-07-13T00:58:00.000,6.0,3.743449497051188e-06,False
437,8587.0,202307131222.0,742524360.0,9.242249689123128e-06,8.863545190251898e-06,8.950464689405635e-06,8.546475328330416e-06,True,True,True,True,True,C9.7,9.73576e-06,2023-07-13T12:44:00.000,22.0,3.93272102883202e-06,True
439,8590.0,202307131855.0,742546620.0,7.985609045135789e-06,7.39091046852991e-06,1.0532981832511723e-05,8.295985935546923e-06,True,True,True,True,True,M2.1,2.1225631e-05,2023-07-13T19:20:00.000,25.0,5.624520326819038e-06,True
440,8628.0,202307161736.0,742801740.0,2.3260654415935278e-05,1.8663711671251804e-05,1.9329918359289877e-05,1.540630000818055e-05,True,True,True,True,True,M4.0,4.0221756e-05,2023-07-16T17:46:00.000,10.0,1.9007078435606672e-06,True
441,8652.0,202307172241.0,742906560.0,1.6423900888185017e-05,1.3593788935395423e-05,1.403256828780286e-05,1.1591670954658184e-05,True,True,True,True,True,,2.7232702e-05,2023-07-17T22:54:00.000,13.0,4.955857093591476e-06,True
442,8653.0,202307172317.0,742908900.0,5.2726241847267374e-05,5.173463432583958e-05,5.2726241847267374e-05,5.209337541600689e-05,True,True,True,True,True,,5.0118208e-05,2023-07-17T23:34:00.000,17.0,7.1213817136595026e-06,True
443,8654.0,202307172337.0,742908900.0,5.2726241847267374e-05,5.173463432583958e-05,5.343315933714621e-05,5.2484243497019634e-05,True,True,True,True,True,M5.7,5.72082e-05,2023-07-18T00:06:00.000,29.0,4.889050615020096e-05,True
444,8664.0,202307181932.0,742981800.0,1.2163578503532335e-05,1.2019542737107258e-05,1.2054568287567236e-05,1.1971453204751015e-05,True,True,True,True,True,M1.3,1.3422655e-05,2023-07-18T19:48:00.000,16.0,4.823237759410404e-06,True
445,8665.0,202307182000.0,742981800.0,1.3386219507083297e-05,1.2247322047187481e-05,1.4728431779076345e-05,1.3090301763440948e-05,True,True,True,True,True,M1.4,1.4663434e-05,2023-07-18T20:05:00.000,5.0,1.1854419426526874e-05,True
446,8666.0,202307182016.0,742984140.0,1.3945338650955819e-05,1.2424137821653858e-05,1.2576792869367637e-05,1.1463435839687008e-05,True,True,True,True,True,M2.1,2.1471305e-05,2023-07-18T20:27:00.000,11.0,1.1797750630648807e-05,True
447,8680.0,202307191704.0,743059620.0,2.752739419520367e-05,2.4484310415573418e-05,2.502452662156429e-05,2.2159561922308058e-05,True,True,True,True,True,M3.8,3.8070546e-05,2023-07-19T17:25:00.000,21.0,1.9858559880958637e-06,True
448,8708.0,202307250136.0,743522700.0,1.2723496183753014e-05,1.1651951353996992e-05,1.1848816939163953e-05,1.0841300536412746e-05,True,True,True,True,True,,1.5381378e-05,2023-07-25T02:03:00.000,27.0,2.3724740003672196e-06,True
449,8715.0,202307252108.0,743591880.0,8.597531632403843e-06,7.960396942507941e-06,8.147000698954798e-06,7.283388640644262e-06,True,True,True,True,True,,1.657066e-05,2023-07-25T21:16:00.000,8.0,3.3901544611580903e-06,True
450,8717.0,202307260025.0,743604120.0,4.349312803242356e-06,4.147869276494021e-06,4.349312803242356e-06,4.200637704343535e-06,False,False,False,False,True,C5.5,5.575305e-06,2023-07-26T00:40:00.000,15.0,2.0852858142461628e-06,False
451,8718.0,202307260051.0,743604120.0,4.547910521068843e-06,4.21454251409159e-06,4.831107162317494e-06,4.450670530786738e-06,False,False,False,False,False,C4.9,4.94521e-06,2023-07-26T00:59:00.000,8.0,4.052484200656181e-06,False
452,8719.0,202307260353.0,743616420.0,8.466991857858375e-06,8.233410881075542e-06,8.316860657942016e-06,8.051522854657378e-06,True,True,True,True,True,C9.2,9.292812e-06,2023-07-26T04:11:00.000,18.0,1.916502014864818e-06,True
453,8720.0,202307260421.0,743616780.0,1.1222806278965436e-05,9.506195056019351e-06,1.2478401004045736e-05,1.0972754353133496e-05,True,True,True,True,True,M1.2,1.2478365e-05,2023-07-26T04:28:00.000,7.0,7.732067388133146e-06,True
454,8725.0,202307261017.0,743639940.0,2.2980990252108313e-05,1.9328799680806696e-05,1.9591461750678718e-05,1.7205537005793303e-05,True,True,True,True,True,M4.6,4.633325e-05,2023-07-26T10:37:00.000,20.0,1.9427354800427565e-06,True
455,8729.0,202307261550.0,743659260.0,1.1238750630582217e-05,1.078954755939776e-05,1.1238750630582217e-05,1.0750448382168543e-05,True,True,True,True,True,M2.0,2.0603446e-05,2023-07-26T15:59:00.000,9.0,3.8381826925615314e-06,True
456,8730.0,202307262246.0,743684580.0,5.151381628820673e-06,4.631928732123924e-06,4.702204932982568e-06,4.270238605386112e-06,True,False,False,False,True,C9.2,9.2134405e-06,2023-07-26T23:01:00.000,15.0,2.0961404061381472e-06,True
457,8747.0,202307272204.0,743769600.0,1.5457197150681168e-05,1.5075865121616516e-05,1.5231291399686597e-05,1.4943569112801924e-05,True,True,True,True,True,M1.7,1.752843e-05,2023-07-27T22:34:00.000,30.0,5.040947144152597e-06,True
458,8748.0,202307280133.0,743781240.0,7.370591902144952e-06,7.300133802345954e-06,7.281287707883166e-06,7.239329988806276e-06,True,True,True,True,True,C7.5,7.500568e-06,2023-07-28T01:46:00.000,13.0,4.466716291062767e-06,True
459,8754.0,202307281444.0,743828220.0,4.395789801492356e-06,3.5559314710553735e-06,3.6411186101759085e-06,3.0193702968972502e-06,False,False,False,False,True,C7.8,7.823887e-06,2023-07-28T14:51:00.000,7.0,2.2583187728741905e-06,True
460,8755.0,202307281539.0,743831940.0,3.006238148373086e-05,2.5625209673307836e-05,2.640519778651651e-05,2.2139754946692847e-05,True,True,True,True,True,M4.1,4.1089203e-05,2023-07-28T15:58:00.000,19.0,1.5393284229503479e-06,True
461,8757.0,202307282042.0,743850000.0,4.032110155094415e-06,3.4976428651134484e-06,3.5719260722544277e-06,3.132383426418528e-06,False,False,False,False,True,C5.9,5.9883882e-06,2023-07-28T20:58:00.000,16.0,1.6856008642207598e-06,True
462,8765.0,202307300432.0,743964480.0,6.492643478850368e-06,5.955668711976614e-06,5.86843771088752e-06,5.706376668968005e-06,True,True,True,True,True,C5.6,5.6470403e-06,2023-07-30T04:46:00.000,14.0,1.7426945078113931e-06,True
463,8766.0,202307300453.0,743964480.0,6.492643478850368e-06,5.885683549422538e-06,5.86843771088752e-06,5.549463821807876e-06,True,True,True,True,True,C6.4,6.4748347e-06,2023-07-30T04:56:00.000,3.0,5.294182301440742e-06,True
464,8774.0,202307310842.0,744066120.0,1.1279435966571327e-05,9.801781743590254e-06,1.0051792742160615e-05,8.73330282047391e-06,True,True,True,True,True,M1.6,1.6997466e-05,2023-07-31T09:00:00.000,18.0,3.9392048165609594e-06,True
466,8778.0,202307312252.0,744115980.0,5.833629529661266e-06,5.811688879475696e-06,5.833629529661266e-06,5.8035443544213194e-06,True,True,True,True,True,C5.7,5.772038e-06,2023-07-31T23:01:00.000,9.0,4.938357506034663e-06,True
467,8780.0,202308010138.0,744127080.0,1.1328421351208817e-05,1.0353576726629399e-05,1.0212501365458593e-05,9.896765732264612e-06,True,True,True,True,True,M1.0,1.0174673e-05,2023-08-01T01:56:00.000,18.0,3.4648599012143677e-06,True
468,8781.0,202308010158.0,744127080.0,1.1328421351208817e-05,1.0314208338968456e-05,1.0212501365458593e-05,9.869359018921386e-06,True,True,True,True,True,M1.2,1.26898085e-05,2023-08-01T02:03:00.000,5.0,9.934339686878957e-06,True
469,8782.0,202308010427.0,744137340.0,1.8117500076186843e-05,1.651193633733783e-05,1.6822161342133768e-05,1.5274677934939973e-05,True,True,True,True,True,M2.2,2.2095008e-05,2023-08-01T04:47:00.000,20.0,3.620178631535964e-06,True
470,8784.0,202308010628.0,744145080.0,2.859736378013622e-05,2.6285504645784386e-05,2.6671928935684264e-05,2.4690454665687867e-05,True,True,True,True,True,M3.6,3.655864e-05,2023-08-01T06:57:00.000,29.0,4.130906745558605e-06,True
472,8791.0,202308020013.0,744208260.0,5.960959697404178e-06,5.447724106488749e-06,5.516460532817291e-06,5.161800345376832e-06,True,True,True,True,True,C7.8,7.861536e-06,2023-08-02T00:25:00.000,12.0,2.9682041713385843e-06,True
473,8795.0,202308020803.0,744236040.0,8.418736797466408e-06,7.707715667493176e-06,7.77754121372709e-06,7.263406132551609e-06,True,True,True,True,True,M1.3,1.3558652e-05,2023-08-02T08:12:00.000,9.0,5.0202202146465424e-06,True
474,8812.0,202308030853.0,744325560.0,5.304182650434086e-06,4.7446701501030475e-06,4.802847797691356e-06,4.322258973843418e-06,True,False,False,False,True,C6.4,6.42525e-06,2023-08-03T09:04:00.000,11.0,3.2791988360258983e-06,True
475,8825.0,202308040338.0,744406020.0,4.88723662783741e-06,4.615004854713334e-06,4.666933364205761e-06,4.4172352318128105e-06,False,False,False,False,True,M1.9,1.99301e-05,2023-08-04T04:24:00.000,46.0,2.060143287963001e-06,True
476,8832.0,202308050239.0,744476160.0,7.945167453726754e-06,7.079389888531296e-06,7.254196134454105e-06,6.432668214984005e-06,True,True,True,True,True,C9.7,9.7056445e-06,2023-08-05T02:54:00.000,15.0,3.0634953418484656e-06,True
477,8834.0,202308050923.0,744500280.0,1.641300150367897e-05,1.4981837011873722e-05,1.5238881132972892e-05,1.3902215869165957e-05,True,True,True,True,True,M2.1,2.1335038e-05,2023-08-05T09:36:00.000,13.0,8.604027243563905e-06,True
478,8838.0,202308051857.0,744534720.0,4.946888566337293e-06,4.337051450420404e-06,4.438586074684281e-06,3.897378974215826e-06,False,False,False,False,True,C6.7,6.788006e-06,2023-08-05T19:10:00.000,13.0,1.9027725102205295e-06,True
479,8840.0,202308052145.0,744546180.0,0.00012200737546663731,0.00011100861593149602,0.00011269906826782972,0.00010347823263145983,True,True,True,True,True,X1.6,0.00016174681,2023-08-05T22:21:00.000,36.0,3.121840563835576e-06,True
480,8843.0,202308061820.0,744619320.0,3.173333243466914e-05,2.8390173611114733e-05,2.8794394893338904e-05,2.6087624064530246e-05,True,True,True,True,True,M5.5,5.507334e-05,2023-08-06T18:40:00.000,20.0,1.2049690667481627e-06,True
