,Flare_Number,Flare_ID,Trigger_Time,Cancelled?,Max_FOXSI,Mean_FOXSI,Max_HiC,Mean_HiC,Max_FOXSI_and_HiC_C5,Max_FOXSI_C5,Mean_FOXSI_C5,Max_HiC_C5,Mean_HiC_C5,Flare_C5,Flare_C5_10min,Flare_Class,Flare_Max_Flux,Peak_Time,Start_to_Peak,Background_Flux
0,251,201704012131,544355040.0,False,6.0873069742228836e-05,5.9502159274416044e-05,6.0873069742228836e-05,5.857298310729675e-05,True,True,True,True,True,True,True,M6.8,6.87118e-05,2017-04-01T21:48:00.000,17.0,9.480689868723857e-07
1,261,201704020742,544391760.0,False,8.053233614191413e-05,6.925860361661762e-05,7.173800258897245e-05,6.025889524607919e-05,True,True,True,True,True,True,True,M8.3,8.383287e-05,2017-04-02T08:02:00.000,20.0,1.4673271380161168e-06
2,264,201704021250,544410780.0,True,1.1585086213017348e-05,1.1082724086008966e-05,1.1585086213017348e-05,1.12331499622087e-05,True,True,True,True,True,True,True,M3.6,3.6941372e-05,2017-04-02T13:00:00.000,10.0,9.497819064563373e-07
3,267,201704021814,544430460.0,True,3.250217923778109e-05,3.181750071235001e-05,3.250217923778109e-05,3.229444337193854e-05,True,True,True,True,True,True,True,M3.3,3.3523487e-05,2017-04-02T18:38:00.000,24.0,1.9914496078854427e-06
4,268,201704021845,544430460.0,True,3.250217923778109e-05,3.193135853507556e-05,3.250217923778109e-05,3.190758798155002e-05,True,True,True,True,True,True,True,M3.2,3.239735e-05,2017-04-02T18:52:00.000,7.0,2.7225098165217787e-05
5,269,201704022026,544437000.0,False,4.330917363404296e-05,2.5763583835214376e-05,2.6342375349486247e-05,1.6465693988720886e-05,True,True,True,True,True,True,True,M8.8,8.884683e-05,2017-04-02T20:33:00.000,7.0,5.601001703325892e-06
6,271,201704030050,544453320.0,True,1.3398339433479123e-05,1.116424027713947e-05,1.139505548053421e-05,9.714851330500096e-06,True,True,True,True,True,True,True,,1.9677913e-05,2017-04-03T01:05:00.000,15.0,2.783206355161383e-06
7,287,201704031417,544501380.0,False,7.655753142898902e-05,5.336824688129127e-05,5.615554618998431e-05,3.82042744604405e-05,True,True,True,True,True,True,True,,9.061434e-05,2017-04-03T14:28:00.000,11.0,5.51786024516332e-06
8,848,201707140105,553268100.0,False,3.039772309421096e-05,2.8563483283505775e-05,3.194749297108501e-05,3.0035431336727925e-05,True,True,True,True,True,True,True,M3.7,3.765344e-05,2017-07-14T02:09:00.000,64.0,2.1537948668992613e-06
9,1062,201708200134,556465740.0,True,1.4922082300472539e-05,1.2565135875775013e-05,1.2996469195059035e-05,1.0847419616766274e-05,True,True,True,True,True,True,True,M1.8,1.8591947e-05,2017-08-20T01:52:00.000,18.0,8.63975401443895e-07
10,1073,201708201914,556529580.0,True,1.4029371413926128e-05,1.159109979198547e-05,1.196534594782861e-05,9.983815289160702e-06,True,True,True,True,True,True,True,M1.5,1.50812675e-05,2017-08-20T19:39:00.000,25.0,9.522846653453598e-07
11,1228,201709021520,557638980.0,True,7.872737114666961e-06,6.943730568309547e-06,7.077733698679367e-06,6.306271188805113e-06,True,True,True,True,True,True,True,M1.1,1.1840938e-05,2017-09-02T15:41:00.000,21.0,4.974916691935505e-07
14,1250,201709041220,557799720.0,False,1.1101690688519739e-05,1.0631276381900534e-05,1.0780246157082729e-05,1.0182117875956465e-05,True,True,True,True,True,True,True,M1.2,1.2889551e-05,2017-09-04T12:25:00.000,5.0,1.1185922630829737e-05
16,1257,201709041812,557821140.0,True,1.2500000593718141e-05,1.1424883268773556e-05,1.1501529115776066e-05,1.0905171620834153e-05,True,True,True,True,True,True,True,M1.5,1.5713755e-05,2017-09-04T18:22:00.000,10.0,8.038347914407495e-06
17,1258,201709041925,557824200.0,False,1.722910747048445e-05,1.6191634131246246e-05,1.827533014875371e-05,1.7064967323676683e-05,True,True,True,True,True,True,True,M2.6,2.681511e-05,2017-09-04T19:37:00.000,12.0,1.8677559637580998e-05
18,1259,201709041958,557826360.0,True,1.7445054254494607e-05,1.6770225556683727e-05,2.0964782379451208e-05,1.749299372022506e-05,True,True,True,True,True,True,True,M2.3,2.38496e-05,2017-09-04T20:02:00.000,4.0,1.6233463611570187e-05
19,1260,201709042022,557828640.0,False,8.49221323733218e-05,6.753457273589447e-05,7.107726560207084e-05,5.793675882159732e-05,True,True,True,True,True,True,True,M8.4,8.48785e-05,2017-09-04T20:33:00.000,11.0,2.0442350432858802e-05
20,1261,201709042209,557834040.0,True,2.3109911126084626e-05,2.2522735889651813e-05,2.2657299268757924e-05,2.2075686501921155e-05,True,True,True,True,True,True,True,M3.3,3.3068853e-05,2017-09-04T22:14:00.000,5.0,2.132465670001693e-05
21,1262,201709050030,557842500.0,False,9.434112143935636e-06,9.233095624949783e-06,9.28728604776552e-06,9.030208275362384e-06,True,True,True,True,True,True,True,M1.5,1.5131646e-05,2017-09-05T00:35:00.000,5.0,8.573921149945818e-06
22,1263,201709050102,557844420.0,True,7.5610018939187285e-06,7.061184533085907e-06,7.188177278294461e-06,6.716034022247186e-06,True,True,True,True,True,True,True,M6.4,6.4639e-05,2017-09-05T01:08:00.000,6.0,6.535465217893943e-06
23,1266,201709050339,557855100.0,False,1.5111495486053172e-05,1.4337386346596759e-05,1.4556835594703443e-05,1.3696485439140815e-05,True,True,True,True,True,True,True,M1.5,1.5586178e-05,2017-09-05T03:51:00.000,12.0,8.223463737522252e-06
24,1267,201709050427,557856720.0,False,1.1856568562507164e-05,1.1757546417356934e-05,1.2132471056247596e-05,1.186595454782946e-05,True,True,True,True,True,True,True,M5.0,5.033511e-05,2017-09-05T04:53:00.000,26.0,1.2416462595865596e-05
25,1268,201709050633,557865480.0,False,1.7466269127908163e-05,1.4449004083871841e-05,1.4497806660074275e-05,1.2941454770043492e-05,True,True,True,True,True,True,True,M5.8,5.8656748e-05,2017-09-05T06:40:00.000,7.0,5.138183951203246e-06
26,1275,201709051737,557905260.0,False,2.1759124138043262e-05,1.8071224985760637e-05,1.8409155018161982e-05,1.5775740394019522e-05,True,True,True,True,True,True,True,M3.5,3.581448e-05,2017-09-05T17:43:00.000,6.0,2.347313511563698e-06
27,1285,201709060852,557960520.0,False,0.0003223268431611359,0.00026627976330928504,0.0002858340449165553,0.00021609423856716603,True,True,True,True,True,True,True,X3.2,0.00032232684,2017-09-06T09:10:00.000,18.0,4.288362106308341e-06
28,1286,201709061152,557969820.0,False,9.501836757408455e-06,8.799493116384838e-06,8.938774044509046e-06,8.283007446152624e-06,True,True,True,True,True,True,True,X14.6,0.0014662761,2017-09-06T12:02:00.000,10.0,8.1222751759924e-06
29,1287,201709061551,557984160.0,True,2.117463736794889e-05,2.070980735879857e-05,2.079171645164024e-05,2.0339537513791583e-05,True,True,True,True,True,True,True,M4.0,4.027113e-05,2017-09-06T15:56:00.000,5.0,1.900242205010727e-05
30,1288,201709061917,557997840.0,False,2.0250636225682683e-05,1.681841240497306e-05,1.7306678273598664e-05,1.4481603102467488e-05,True,True,True,True,True,True,True,M2.2,2.224219e-05,2017-09-06T19:30:00.000,13.0,9.099079761654139e-06
31,1290,201709062329,558013080.0,True,1.229087411047658e-05,1.0924185517069418e-05,1.1201758752577007e-05,9.784545000002254e-06,True,True,True,True,True,True,True,M1.9,1.9441684e-05,2017-09-06T23:39:00.000,10.0,5.259671979729319e-06
32,1291,201709070459,558032460.0,False,1.6530757420696318e-05,1.276341481570853e-05,1.31743045130861e-05,1.0534746252233163e-05,True,True,True,True,True,True,True,M3.9,3.9022256e-05,2017-09-07T05:02:00.000,3.0,1.607341005183116e-06
33,1297,201709071014,558051300.0,True,7.386038305412512e-06,4.299918600736419e-06,4.108860593987629e-06,3.139834689136478e-06,False,True,False,False,False,True,True,X1.2,0.0001206636,2017-09-07T10:15:00.000,1.0,2.7608152777247597e-06
34,1302,201709071416,558066780.0,False,0.00014574971282854676,0.00012711815361399204,0.00012637281906791031,0.00011974727385677397,True,True,True,True,True,True,True,X2.1,0.00021885491,2017-09-07T14:36:00.000,20.0,1.4748017065358e-06
36,1320,201709080739,558128760.0,False,8.440131932729855e-05,6.878504063934088e-05,7.041650678729638e-05,5.902319389861077e-05,True,True,True,True,True,True,True,X1.2,0.000126714,2017-09-08T07:49:00.000,10.0,1.3854731832907419e-06
37,1326,201709081503,558158520.0,True,1.5461613656952977e-05,1.295811580348527e-05,1.3314239367900882e-05,1.1209438525838777e-05,True,True,True,True,True,True,True,M4.6,4.6527322e-05,2017-09-08T15:47:00.000,44.0,1.5937616808514576e-06
38,1330,201709082330,558186120.0,False,2.6091662221006118e-05,2.2149994038045406e-05,2.2973086743149906e-05,1.9103848899248987e-05,True,True,True,True,True,True,True,M3.3,3.346909e-05,2017-09-08T23:45:00.000,15.0,1.6863218661455903e-06
39,1335,201709090413,558203160.0,True,1.5225575225485954e-05,1.3866604604118038e-05,1.4190880392561667e-05,1.2761360267177224e-05,True,True,True,True,True,True,True,M1.7,1.7329297e-05,2017-09-09T04:28:00.000,15.0,3.815204763668589e-06
40,1339,201709091046,558226740.0,False,5.611992673948407e-05,4.9604015657678246e-05,5.211413372308016e-05,4.374530180939473e-05,True,True,True,True,True,True,True,M5.8,5.8746886e-05,2017-09-09T11:04:00.000,18.0,1.914577069328516e-06
41,1340,201709091119,558227040.0,True,4.132372123422101e-05,3.696675048558973e-05,3.7250334571581334e-05,3.461963206063956e-05,True,True,True,True,True,True,True,M4.6,4.6260717e-05,2017-09-09T11:26:00.000,7.0,3.2813863072078675e-05
42,1347,201709092236,558270240.0,False,1.6090809367597103e-05,1.6055948435678147e-05,1.6090809367597103e-05,1.6045902157202363e-05,True,True,True,True,True,True,True,M1.5,1.5941661e-05,2017-09-09T23:17:00.000,41.0,3.9527662920590956e-06
43,1348,201709092337,558271320.0,True,1.4976473721617367e-05,1.456770405638963e-05,1.467975653213216e-05,1.4250119420466945e-05,True,True,True,True,True,True,True,M1.5,1.5079933e-05,2017-09-09T23:41:00.000,4.0,1.3734220374317374e-05
44,1349,201709092343,558271680.0,True,1.5229522432491649e-05,1.4527402527164668e-05,1.5229522432491649e-05,1.4897716937412042e-05,True,True,True,True,True,True,True,M1.8,1.82023e-05,2017-09-09T23:54:00.000,11.0,1.4876961358822882e-05
45,1350,201709100235,558284940.0,True,1.1220605301787145e-05,1.006176262308145e-05,1.0227358870906755e-05,9.272510396840516e-06,True,True,True,True,True,True,True,M1.4,1.4060234e-05,2017-09-10T03:09:00.000,34.0,1.9495619199005887e-06
46,1360,201709101534,558330540.0,False,0.0011988722253590822,0.0009454463724978268,0.0012781606055796146,0.0011390551226213574,True,True,True,True,True,True,True,X12.9,0.001293521,2017-09-10T16:06:00.000,32.0,6.74522766530572e-07
47,1468,201710202310,561813960.0,True,1.093853461497929e-05,8.535023880540393e-06,8.864034498401452e-06,6.9131051532167476e-06,True,True,True,True,True,True,True,M1.6,1.6965416e-05,2017-10-20T23:28:00.000,18.0,2.880265981275443e-07
48,2254,201905060504,610391400.0,True,1.8891454089953186e-07,1.823006670065297e-07,1.82409479521084e-07,1.7931775175838993e-07,False,False,False,False,False,True,False,M1.5,1.5136375e-05,2019-05-06T05:09:00.000,5.0,1.3679401433819294e-07
49,2990,202105071843,673685760.0,False,3.9082140574464574e-05,3.605818346841261e-05,3.6894838558509946e-05,3.3186017390107736e-05,True,True,True,True,True,True,True,M3.9,3.9077113e-05,2021-05-07T19:04:00.000,21.0,3.0960842423155555e-07
50,3080,202105222130,674991360.0,True,4.6892487262084614e-06,2.9672671644220827e-06,3.0402727588807466e-06,2.007026296269032e-06,False,False,False,False,False,True,True,M1.4,1.4849428e-05,2021-05-22T21:36:00.000,6.0,5.559995202020218e-07
51,3081,202105222153,674991480.0,True,3.0402727588807466e-06,2.007026296269032e-06,2.0930481241521193e-06,1.4034840205567889e-06,False,False,False,False,False,False,False,C1.8,1.8437706e-06,2021-05-22T22:00:00.000,7.0,8.952560506259033e-07
52,3302,202107030704,678568440.0,False,1.0153703442483675e-05,7.737421583442483e-06,7.45181796446559e-06,6.565529474755749e-06,True,True,True,True,True,True,True,M2.7,2.7347016e-05,2021-07-03T07:17:00.000,13.0,3.4340794741183345e-07
53,3304,202107031418,678594420.0,False,3.952164115617052e-05,2.4623708668514155e-05,2.5790501240408048e-05,1.5781850379426032e-05,True,True,True,True,True,True,True,X1.5,0.00015937346,2021-07-03T14:29:00.000,11.0,4.831926503356954e-07
54,3316,202107040501,678647340.0,True,4.960302703693742e-06,3.9475276025768835e-06,4.003482445114059e-06,3.3712888125592144e-06,False,False,False,False,False,True,True,M1.5,1.5096588e-05,2021-07-04T05:09:00.000,8.0,2.803548682095425e-07
56,3754,202109231523,685682880.0,True,1.164316745416727e-05,8.472684385196771e-06,8.847009667078964e-06,6.506146746687591e-06,True,True,True,True,True,True,True,M1.8,1.8951738e-05,2021-09-23T15:28:00.000,5.0,4.0133667766895087e-07
57,3872,202110090619,687033420.0,True,1.196906578115886e-05,1.0483221558388323e-05,1.0755288712971378e-05,9.325135579274502e-06,True,True,True,True,True,True,True,M1.6,1.6014299e-05,2021-10-09T06:38:00.000,19.0,1.215662450704258e-07
58,4007,202110281019,688688760.0,True,1.322935895586852e-05,1.0069407835544553e-05,1.055309439834673e-05,7.936571819300298e-06,True,True,True,True,True,True,True,,2.2170429e-05,2021-10-28T10:28:00.000,9.0,7.973375204528566e-07
59,4012,202110281517,688706880.0,False,9.872533701127395e-05,8.701568731339648e-05,9.028537897393107e-05,7.691492646699771e-05,True,True,True,True,True,True,True,,0.00010014471,2021-10-28T15:35:00.000,18.0,5.592752927441325e-07
60,4017,202110290222,688747320.0,True,9.032305570144672e-06,7.797805665177293e-06,8.001183232408948e-06,6.8490885496430565e-06,True,True,True,True,True,True,True,M1.5,1.562526e-05,2021-10-29T02:42:00.000,20.0,6.739460332028102e-07
61,4049,202111020203,689092260.0,False,1.6110021533677354e-05,1.5473908206331544e-05,1.6493424482177943e-05,1.5985282516339794e-05,True,True,True,True,True,True,True,M1.6,1.669918e-05,2021-11-02T02:51:00.000,48.0,1.6097384332169895e-06
62,4050,202111020257,689092920.0,False,1.670969504630193e-05,1.6574476831010543e-05,1.6645886717014946e-05,1.6436077203252353e-05,True,True,True,True,True,True,True,M1.7,1.7176577e-05,2021-11-02T03:01:00.000,4.0,1.6243520803982392e-05
63,4226,202112050658,691960740.0,True,1.1308478860883042e-05,9.96168364508776e-06,1.0197560186497867e-05,8.964344488049392e-06,True,True,True,True,True,True,True,M1.4,1.447015e-05,2021-12-05T07:19:00.000,21.0,8.100894319795771e-07
64,4322,202112201112,693271740.0,False,1.8999829990207218e-05,1.8395745428279042e-05,1.8524589904700406e-05,1.7756095985532738e-05,True,True,True,True,True,True,True,M1.8,1.8997242e-05,2021-12-20T11:36:00.000,24.0,6.858904271211941e-07
65,4346,202112220654,693428700.0,True,8.961220373748802e-06,8.318172149301972e-06,8.52172524901107e-06,7.722504051344004e-06,True,True,True,True,True,True,True,M1.3,1.30522185e-05,2021-12-22T07:06:00.000,12.0,1.2521217058747425e-06
66,4399,202112280350,693936000.0,True,1.0322270100004971e-05,7.865350198699161e-06,8.082972271949984e-06,6.378649686666904e-06,True,True,True,True,True,True,True,M1.8,1.8930677e-05,2021-12-28T04:01:00.000,11.0,1.298649635828042e-06
67,4404,202112281559,693979800.0,True,9.141122063738294e-06,7.377118890872225e-06,7.589885626657633e-06,6.217194822966121e-06,True,True,True,True,True,True,True,M1.6,1.6229069e-05,2021-12-28T16:11:00.000,12.0,5.830523832628387e-07
68,4424,202201010707,694294200.0,True,6.699334335280582e-06,5.708048774977215e-06,5.841010533913504e-06,4.991645710106241e-06,True,True,True,True,False,True,True,M1.1,1.1333274e-05,2022-01-01T07:30:00.000,23.0,2.685527533685672e-07
69,4484,202201140147,695397660.0,True,1.2861174582212698e-05,1.0606152500258759e-05,1.0977946658385918e-05,9.153301107289735e-06,True,True,True,True,True,True,True,M1.8,1.8399107e-05,2022-01-14T02:03:00.000,16.0,4.913426892017014e-07
70,4516,202201181701,695799600.0,True,1.4958413885324262e-05,1.4458327314059716e-05,1.4508285858028103e-05,1.405944931320846e-05,True,True,True,True,True,True,True,M1.5,1.53123e-05,2022-01-18T17:44:00.000,43.0,3.577626443984627e-07
71,4767,202202120825,697927080.0,False,1.4162414117890876e-05,1.269020140171051e-05,1.3233730896899942e-05,1.1171625374117866e-05,True,True,True,True,True,True,True,M1.4,1.4378235e-05,2022-02-12T08:44:00.000,19.0,5.651695005326474e-07
72,4789,202202151754,698220840.0,True,1.0324762115487829e-05,9.14221254788572e-06,9.323045560449827e-06,8.294319741253275e-06,True,True,True,True,True,True,True,M1.3,1.3224835e-05,2022-02-15T18:15:00.000,21.0,8.726177611606545e-07
73,4877,202203021731,699514680.0,True,9.991204933612607e-06,8.455584065814037e-06,8.759797310631257e-06,7.246286259032786e-06,True,True,True,True,True,True,True,M2.0,2.0216432e-05,2022-03-02T17:39:00.000,8.0,3.8060369433878805e-07
74,4921,202203112213,700309860.0,True,5.8146310948359314e-06,4.110388999833958e-06,4.1382568269909825e-06,3.2194186587730655e-06,False,True,False,False,False,True,True,M2.2,2.296697e-05,2022-03-11T22:32:00.000,19.0,7.034177542664111e-07
75,4934,202203140829,700519140.0,True,6.063583896320779e-06,4.863819867750863e-06,4.903059561911505e-06,4.214655746181961e-06,False,True,False,False,False,True,True,M2.0,2.0119569e-05,2022-03-14T08:40:00.000,11.0,5.554894642045838e-07
76,4946,202203152239,700656360.0,True,5.529254394787131e-06,4.584027465170948e-06,4.660667400457896e-06,4.030775926366914e-06,False,True,False,False,False,True,True,M1.5,1.5921785e-05,2022-03-15T22:46:00.000,7.0,3.7399877328425646e-07
77,5014,202203281058,701738640.0,False,3.743756315088831e-05,3.267647116445005e-05,3.35582262778189e-05,2.9190343411755748e-05,True,True,True,True,True,True,True,M4.0,4.0606992e-05,2022-03-28T11:29:00.000,31.0,8.042014769671368e-07
78,5020,202203282049,701773140.0,True,8.613984391558915e-06,7.994868610694539e-06,8.139412784657907e-06,7.480757631128654e-06,True,True,True,True,True,True,True,M1.1,1.112043e-05,2022-03-28T20:59:00.000,10.0,5.66106655242038e-06
79,5023,202203290057,701787960.0,False,1.9806542695732787e-05,1.8502765669836663e-05,1.8429316696710885e-05,1.7389515051036142e-05,True,True,True,True,True,True,True,M2.2,2.219018e-05,2022-03-29T01:11:00.000,14.0,4.2299066080886405e-06
80,5040,202203292143,701862720.0,True,4.161661308899056e-06,3.081639988522511e-06,3.265419763920363e-06,2.3672805582464207e-06,False,False,False,False,False,True,False,M1.6,1.6835987e-05,2022-03-29T21:52:00.000,9.0,1.2451109796529636e-06
81,5054,202203301721,701933460.0,False,0.000127095976495184,0.00010233879584120587,0.0001075959371519275,8.293844439322129e-05,True,True,True,True,True,True,True,X1.3,0.00013797796,2022-03-30T17:37:00.000,16.0,1.3100129763188306e-06
82,5064,202203311817,702023280.0,False,9.449779463466257e-05,8.046361472224817e-05,8.431307651335374e-05,6.832139479229227e-05,True,True,True,True,True,True,True,M9.6,9.6722295e-05,2022-03-31T18:35:00.000,18.0,2.082563469230081e-06
83,5110,202204151107,703294020.0,False,2.0718542145914398e-05,1.985192830034066e-05,2.139958451152779e-05,2.057383426290471e-05,True,True,True,True,True,True,True,M2.2,2.2094415e-05,2022-04-15T11:49:00.000,42.0,1.2330341633060016e-05
84,5111,202204151347,703301520.0,True,1.2330915524216834e-05,1.2094652447558474e-05,1.2148982932558283e-05,1.1921877558052074e-05,True,True,True,True,True,True,True,M1.9,1.9711175e-05,2022-04-15T13:59:00.000,12.0,1.153942048404133e-05
85,5134,202204181004,703549800.0,True,1.0013590326707345e-05,9.087793841899838e-06,9.273231626139022e-06,8.353348675882444e-06,True,True,True,True,True,True,True,M1.1,1.1895144e-05,2022-04-18T10:27:00.000,23.0,1.4056861346034566e-06
86,5137,202204181712,703574580.0,True,8.718792742001824e-06,7.486261893063784e-06,7.611315595568158e-06,6.696402124362066e-06,True,True,True,True,True,True,True,M1.9,1.921694e-05,2022-04-18T17:24:00.000,12.0,1.4882996310916496e-06
88,5144,202204200120,703689900.0,False,7.298222044482827e-05,6.976073927944526e-05,7.298222044482827e-05,6.814495282014832e-05,True,True,True,True,True,True,True,M7.2,7.2949086e-05,2022-04-20T01:36:00.000,16.0,7.801263564033434e-06
89,5146,202204200341,703698840.0,False,0.00012126134242862463,8.587570482632145e-05,8.992497896542773e-05,6.290081364568323e-05,True,True,True,True,True,True,True,X2.2,0.00022465806,2022-04-20T03:57:00.000,16.0,1.823508341658453e-06
90,5152,202204201224,703731000.0,True,1.3872149793314748e-05,1.0731103429861832e-05,1.1234633348067291e-05,8.493404493492562e-06,True,True,True,True,True,True,True,M1.9,1.9581546e-05,2022-04-20T12:53:00.000,29.0,2.2594879283133196e-06
91,5160,202204220452,703876500.0,True,8.385771252505947e-06,7.516493496950716e-06,7.688859113841318e-06,6.861782821943052e-06,True,True,True,True,True,True,True,M1.1,1.1229543e-05,2022-04-22T05:14:00.000,22.0,2.7839521408168366e-06
92,5163,202204221316,703905840.0,False,5.524595053429948e-06,3.6470780742092757e-06,3.6103617730987025e-06,2.7516018690221244e-06,False,True,False,False,False,True,False,M3.4,3.4334662e-05,2022-04-22T13:25:00.000,9.0,8.517253604622965e-07
93,5164,202204221339,703905840.0,False,5.524595053429948e-06,3.6470780742092757e-06,3.6103617730987025e-06,2.7516018690221244e-06,False,True,False,False,False,False,False,C3.6,3.6590498e-06,2022-04-22T13:45:00.000,6.0,2.2132078356662532e-06
94,5198,202204300446,704566740.0,True,1.1419068869145121e-05,9.436654181627091e-06,9.487745955993887e-06,8.353375051228795e-06,True,True,True,True,True,True,True,M2.6,2.6054931e-05,2022-04-30T05:01:00.000,15.0,1.1813423270723433e-06
95,5199,202204300525,704568720.0,True,8.639299267088063e-06,6.575544375664322e-06,6.744756319676526e-06,5.347964815882733e-06,True,True,True,True,True,True,True,M1.4,1.4256876e-05,2022-04-30T05:34:00.000,9.0,5.6106960073520895e-06
96,5204,202204300948,704584500.0,False,2.9533937777159736e-05,2.0177745682303794e-05,2.1384728825069033e-05,1.3905027117289137e-05,True,True,True,True,True,True,True,M4.8,4.8238868e-05,2022-04-30T09:58:00.000,10.0,2.3417669581249356e-06
97,5208,202204301338,704598180.0,False,5.408936340245418e-05,2.3526752556790598e-05,2.2318456103676e-05,1.0084023415402044e-05,True,True,True,True,True,True,True,X1.1,0.00011312873,2022-04-30T13:47:00.000,9.0,2.350184786337195e-06
99,5211,202204301942,704620020.0,False,6.846538781246636e-06,4.682172857428668e-06,4.942642135574715e-06,3.319077450214536e-06,False,True,False,False,False,True,True,M1.9,1.9874149e-05,2022-04-30T19:47:00.000,5.0,2.334658120162203e-06
100,5223,202205030734,704836380.0,True,6.22467860011966e-06,4.725307917397004e-06,4.831102160096634e-06,3.8416787901951466e-06,False,True,False,False,False,True,True,M1.3,1.3633756e-05,2022-05-03T07:53:00.000,19.0,8.593153779656859e-07
101,5226,202205031309,704856180.0,False,4.78605943499133e-05,3.329482569824904e-05,3.458969877101481e-05,2.446590042382013e-05,True,True,True,True,True,True,True,X1.1,0.000113361515,2022-05-03T13:25:00.000,16.0,6.45250395336916e-07
102,5229,202205040008,704895420.0,False,2.166153717553243e-05,1.86841789400205e-05,1.9008948584087193e-05,1.6726404282962903e-05,True,True,True,True,True,True,True,,5.322646e-05,2022-05-04T00:19:00.000,11.0,1.3342407783056842e-06
104,5238,202205040845,704926560.0,False,4.750277003040537e-05,3.847224797937088e-05,4.075103788636625e-05,3.092543192906305e-05,True,True,True,True,True,True,True,,5.7583497e-05,2022-05-04T08:59:00.000,14.0,1.1935512702621054e-06
106,5248,202205041940,704965620.0,True,1.2716228411591146e-05,1.1439369700383395e-05,1.1747425560315605e-05,1.0381733773101587e-05,True,True,True,True,True,False,True,,3.0883834e-06,2022-05-04T19:41:00.000,1.0,3.2917851058300585e-06
107,5249,202205042009,704966040.0,True,9.025196050060913e-06,7.99640292825643e-06,8.098283615254331e-06,7.424579962389544e-06,True,True,True,True,True,True,True,,1.6444283e-05,2022-05-04T20:27:00.000,18.0,7.001376161497319e-06
108,5311,202205142358,705845040.0,True,1.8765267668641172e-05,1.4200373698258772e-05,1.4978615581640042e-05,1.103527483792277e-05,True,True,True,True,True,True,True,M2.2,2.2842129e-05,2022-05-15T00:08:00.000,10.0,1.6492448366989265e-06
109,5327,202205200735,706304640.0,True,1.2616227650141809e-05,1.2471798982005566e-05,1.2616227650141809e-05,1.2532342225313187e-05,True,True,True,True,True,True,True,M3.0,3.0303148e-05,2022-05-20T07:45:00.000,10.0,1.4910484651409206e-06
110,5357,202205251809,706774800.0,False,1.2417714060575236e-05,1.1321509191475343e-05,1.1569463822524995e-05,1.0428538189444225e-05,True,True,True,True,True,True,True,M1.3,1.3376665e-05,2022-05-25T18:24:00.000,15.0,1.004792238745722e-06
111,5400,202206101011,708129840.0,False,1.2187303582322784e-05,1.2033335224259645e-05,1.2187303582322784e-05,1.1795337741205003e-05,True,True,True,True,True,True,True,M1.2,1.2175374e-05,2022-06-10T10:54:00.000,43.0,4.216509296384174e-06
112,5406,202206130258,708362640.0,False,2.324108027096372e-05,2.1255487808957696e-05,2.4546063286834396e-05,2.2769474526285194e-05,True,True,True,True,True,True,True,M3.4,3.425136e-05,2022-06-13T04:07:00.000,69.0,2.711061142690596e-06
113,5555,202207082007,710584080.0,False,2.3513792257290334e-05,2.2130678189569153e-05,2.4191338525270112e-05,2.3122427592170425e-05,True,True,True,True,True,True,True,M2.5,2.5736113e-05,2022-07-08T20:49:00.000,42.0,8.078814062173478e-07
114,5636,202207142142,711107160.0,False,9.243945896741934e-06,6.39051313555683e-06,6.5598601395322476e-06,4.753151642944431e-06,True,True,True,True,False,True,True,,2.8957562e-05,2022-07-14T21:48:00.000,6.0,1.3103220908305957e-06
115,5746,202207312241,712581240.0,True,8.37457901070593e-06,8.039194653974846e-06,8.156192052410915e-06,7.712164915574249e-06,True,True,True,True,True,True,True,C9.2,9.2107575e-06,2022-07-31T23:09:00.000,28.0,2.838798422999389e-07
116,5827,202208151640,713854380.0,True,5.1083370635751635e-06,3.7297950257197954e-06,3.7264201182551915e-06,3.00435499411833e-06,False,True,False,False,False,True,True,M2.7,2.733436e-05,2022-08-15T16:54:00.000,14.0,1.3735419770455337e-06
118,5840,202208160752,713908560.0,False,2.327867696294561e-05,1.7889897208078764e-05,1.85629069164861e-05,1.4231173736334313e-05,True,True,True,True,True,True,True,M5.0,5.07606e-05,2022-08-16T07:58:00.000,6.0,9.723323728394462e-07
119,5847,202208162110,713956800.0,True,8.087462447292637e-06,6.855806987005053e-06,6.851429134258069e-06,6.238598416530294e-06,True,True,True,True,True,True,True,M1.8,1.86329e-05,2022-08-16T21:21:00.000,11.0,1.4630115856562043e-06
120,5862,202208171326,714015840.0,True,5.1078045544272754e-06,3.7376350974227535e-06,3.658215291579836e-06,3.1151805615081685e-06,False,True,False,False,False,True,True,,2.0453565e-05,2022-08-17T13:45:00.000,19.0,1.1527478136486025e-06
121,5863,202208171428,714020280.0,True,7.293851922440808e-06,6.612445304199355e-06,6.717635642417008e-06,6.131649115559412e-06,True,True,True,True,True,True,True,,1.0993571e-05,2022-08-17T14:52:00.000,24.0,2.3258935470948927e-06
122,5885,202208181037,714091860.0,True,1.5033573617984075e-05,1.402071848133346e-05,1.427792631147895e-05,1.3122756172379013e-05,True,True,True,True,True,True,True,M1.5,1.59038e-05,2022-08-18T10:55:00.000,18.0,3.090727204835275e-06
123,5969,202208251939,714729000.0,True,1.2241061995155178e-05,1.047401747200638e-05,1.08011099655414e-05,9.178391337627545e-06,True,True,True,True,True,True,True,M1.8,1.8207562e-05,2022-08-25T19:51:00.000,12.0,2.788035772027797e-06
124,5975,202208270152,714838140.0,False,3.779459075303748e-05,3.413381637074053e-05,4.0531271224608645e-05,3.7062771298224106e-05,True,True,True,True,True,True,True,M4.8,4.8756818e-05,2022-08-27T02:40:00.000,48.0,4.019610514660599e-06
125,5986,202208271545,714887760.0,True,1.722586966934614e-05,1.5212658581731375e-05,1.5185700249276124e-05,1.4131567695585545e-05,True,True,True,True,True,True,True,M1.8,1.802086e-05,2022-08-27T15:58:00.000,13.0,3.377146867933334e-06
126,5990,202208280047,714921660.0,True,1.4608633136958815e-05,1.4117290447757114e-05,1.4608633136958815e-05,1.4264467608882114e-05,True,True,True,True,True,True,True,M1.4,1.42955005e-05,2022-08-28T01:20:00.000,33.0,1.5980064063114696e-06
127,5991,202208280126,714921660.0,True,1.4608633136958815e-05,1.4117290447757114e-05,1.4608633136958815e-05,1.4243662008084357e-05,True,True,True,True,True,True,True,M1.4,1.4603069e-05,2022-08-28T01:34:00.000,8.0,1.2915040315419901e-05
128,6000,202208281548,714974460.0,False,6.488573853857815e-05,5.916558802709915e-05,6.671359005849808e-05,6.356086669256911e-05,True,True,True,True,True,True,True,M6.7,6.7296576e-05,2022-08-28T16:19:00.000,31.0,2.7097628390038153e-06
129,6001,202208281820,714981900.0,True,1.6338912246283144e-05,1.6241448975051753e-05,1.6338912246283144e-05,1.6214306015172042e-05,True,True,True,True,True,True,True,M4.6,4.6703444e-05,2022-08-28T18:32:00.000,12.0,1.5903742678347044e-05
130,6004,202208290324,715015920.0,False,3.128580647171475e-05,2.5074705263250507e-05,2.5868319426081143e-05,2.085219784930814e-05,True,True,True,True,True,True,True,M3.3,3.380366e-05,2022-08-29T03:38:00.000,14.0,2.7293817765894346e-06
131,6007,202208291048,715043100.0,False,3.608740371419117e-05,3.0142415198497474e-05,3.0683328077429906e-05,2.635898817970883e-05,True,True,True,True,True,True,True,M8.6,8.66998e-05,2022-08-29T11:07:00.000,19.0,2.153838295271271e-06
133,6009,202208291446,715056720.0,False,2.2186646674526855e-05,2.032498196058441e-05,2.1065397959318943e-05,1.8567377992440015e-05,True,True,True,True,True,True,True,M2.5,2.5502022e-05,2022-08-29T14:56:00.000,10.0,7.88923443906242e-06
134,6151,202209140941,716422800.0,True,9.43948543863371e-06,8.998023986350745e-06,9.061446689884178e-06,8.605396942584775e-06,True,True,True,True,True,True,True,M1.1,1.1005908e-05,2022-09-14T10:19:00.000,38.0,2.1969422050460707e-06
136,6162,202209171321,716693580.0,False,1.913302367029246e-05,1.832321686379146e-05,1.8578570234240033e-05,1.7552483768668026e-05,True,True,True,True,True,True,True,M1.9,1.9359475e-05,2022-09-17T13:39:00.000,18.0,1.0697149264160544e-05
138,6164,202209172032,716719080.0,True,2.043336644419469e-05,1.7043417756212875e-05,1.7717426089802757e-05,1.4465895219473168e-05,True,True,True,True,True,True,True,M2.6,2.6060505e-05,2022-09-17T20:41:00.000,9.0,1.7216334526892751e-06
139,6198,202209231748,717228120.0,False,1.7355567251797765e-05,1.7043503248714842e-05,1.7201238733832724e-05,1.6633175619062968e-05,True,True,True,True,True,True,True,M1.7,1.731684e-05,2022-09-23T18:10:00.000,22.0,3.2929151529970113e-06
140,6259,202209301611,717826740.0,True,1.9677867385325953e-05,1.7480058886576444e-05,1.7809772543841973e-05,1.578678347868845e-05,True,True,True,True,True,True,True,M2.9,2.9706564e-05,2022-09-30T16:22:00.000,11.0,1.9961701127613196e-06
142,6273,202210011958,717926760.0,False,3.298581941635348e-05,2.2342217562254518e-05,2.273564678034745e-05,1.644681287871208e-05,True,True,True,True,True,True,True,M5.8,5.865486e-05,2022-10-01T20:10:00.000,12.0,1.6748185771575663e-06
143,6274,202210030219,718036200.0,False,2.247059455839917e-05,2.056113771686796e-05,2.08047258638544e-05,1.932312261487823e-05,True,True,True,True,True,True,True,M2.6,2.6258713e-05,2022-10-03T02:33:00.000,14.0,2.6427624106872827e-06
144,6279,202210030938,718062840.0,False,4.014233491034247e-05,3.693194958032109e-05,4.147358413320035e-05,3.9357139030471444e-05,True,True,True,True,True,True,True,M4.2,4.205304e-05,2022-10-03T10:11:00.000,33.0,4.03631429435336e-06
145,6280,202210031103,718067400.0,True,1.0303593626304064e-05,8.816360605123919e-06,9.051335837284569e-06,7.777739483572077e-06,True,True,True,True,True,True,True,M1.5,1.5213547e-05,2022-10-03T11:11:00.000,8.0,5.765184596384643e-06
146,6286,202210031520,718082940.0,True,1.1448527402535547e-05,8.9105360530084e-06,9.143617717199959e-06,7.358027232839959e-06,True,True,True,True,True,True,True,M1.6,1.6986618e-05,2022-10-03T15:30:00.000,10.0,2.7062103526986903e-06
147,6292,202210032113,718104000.0,True,1.3464320545608643e-05,1.1828142305603251e-05,1.1900095159944613e-05,1.0904533155553509e-05,True,True,True,True,True,True,True,M1.7,1.7838347e-05,2022-10-03T21:22:00.000,9.0,5.922544460190693e-06
148,6295,202210041248,718161060.0,True,1.5631063433829695e-05,1.505149975855602e-05,1.530160807305947e-05,1.4560134331986774e-05,True,True,True,True,True,True,True,M1.6,1.6092145e-05,2022-10-04T13:15:00.000,27.0,2.451851287332829e-06
149,6316,202210071421,718426380.0,True,9.565762411511969e-06,9.373317880090326e-06,9.45691135711968e-06,9.200238309858833e-06,True,True,True,True,True,True,True,M1.0,1.0109607e-05,2022-10-07T14:44:00.000,23.0,4.465350684768055e-06
150,6344,202210101605,718690800.0,False,2.4194871002691798e-05,2.333511656615883e-05,2.37677049881313e-05,2.2247770175454207e-05,True,True,True,True,True,True,True,M2.4,2.411541e-05,2022-10-10T16:28:00.000,23.0,2.9203849862824427e-06
151,6354,202210110836,718749660.0,True,3.3156741210405016e-06,2.4675694021425443e-06,2.320221483387286e-06,2.0984521142963786e-06,False,False,False,False,False,True,False,M3.9,3.9843617e-05,2022-10-11T08:42:00.000,6.0,8.393827783947927e-07
152,6355,202210111046,718757520.0,True,1.8773108649838832e-06,1.48985293435544e-06,1.612001483408676e-06,1.2169781484772102e-06,False,False,False,False,False,True,False,M1.5,1.5277665e-05,2022-10-11T10:52:00.000,6.0,9.042907436196401e-07
153,6367,202210122354,718892160.0,True,1.4383528650796507e-05,1.3029362889938056e-05,1.3342110833036713e-05,1.1890774658240844e-05,True,True,True,True,True,True,True,M1.5,1.5438109e-05,2022-10-13T00:19:00.000,25.0,7.903057053226803e-07
154,6377,202210140920,719012400.0,False,1.3018086065130774e-05,1.2995803444937337e-05,1.3183702321839519e-05,1.3040172234468628e-05,True,True,True,True,True,True,True,M1.3,1.329749e-05,2022-10-14T09:44:00.000,24.0,9.395340043738543e-07
155,6378,202210140951,719012400.0,False,1.3018086065130774e-05,1.2995803444937337e-05,1.3183702321839519e-05,1.3040172234468628e-05,True,True,True,True,True,True,True,M1.3,1.3176475e-05,2022-10-14T09:55:00.000,4.0,1.2965761015948374e-05
156,6583,202211191242,722134440.0,True,1.3220706023275852e-05,1.152271306636976e-05,1.1840452316391747e-05,1.024580342345871e-05,True,True,True,True,True,True,True,M1.6,1.6089014e-05,2022-11-19T12:56:00.000,14.0,1.1920099041162757e-06
157,6648,202212010704,723151380.0,True,7.080014256644063e-06,6.352287982736016e-06,6.525531262013828e-06,5.772556050942512e-06,True,True,True,True,True,True,True,M1.0,1.0955116e-05,2022-12-01T07:21:00.000,17.0,7.968924933265953e-07
159,6729,202212140730,724275360.0,False,1.8094478946295567e-05,1.412127949151909e-05,1.4417891179618891e-05,1.1856661330966745e-05,True,True,True,True,True,True,True,M2.4,2.4583886e-05,2022-12-14T07:40:00.000,10.0,6.127862434368581e-06
160,6730,202212140824,724278660.0,True,6.210278570506489e-06,5.277064246911323e-06,5.323351615516003e-06,4.770316536450991e-06,True,True,True,True,False,True,True,M1.1,1.1801026e-05,2022-12-14T08:31:00.000,7.0,4.750595508085098e-06
161,6731,202212140920,724282020.0,True,7.599082891829312e-06,6.530114205816062e-06,6.708098680974217e-06,5.7345605455338955e-06,True,True,True,True,True,True,True,M1.3,1.3916205e-05,2022-12-14T09:27:00.000,7.0,2.714576112339273e-06
163,6734,202212141224,724292940.0,False,2.1711206500185654e-05,1.747670648910571e-05,1.7704496713122353e-05,1.5205405361484736e-05,True,True,True,True,True,True,True,M4.1,4.1154886e-05,2022-12-14T12:31:00.000,7.0,5.65238678973401e-06
164,6735,202212141431,724300740.0,False,3.450726580922492e-05,2.774609311018139e-05,2.7918711566599086e-05,2.4159448003047146e-05,True,True,True,True,True,True,True,M6.3,6.356953e-05,2022-12-14T14:42:00.000,11.0,1.8629751821208629e-06
165,6736,202212141454,724300740.0,False,3.450726580922492e-05,2.774609311018139e-05,2.7918711566599086e-05,2.4159448003047146e-05,True,True,True,True,True,True,True,M3.2,3.239337e-05,2022-12-14T14:59:00.000,5.0,2.208489786426071e-05
166,6738,202212141703,724309800.0,False,1.5390787666547112e-05,1.3174193554732483e-05,1.3715844943362754e-05,1.162225817097351e-05,True,True,True,True,True,True,True,M2.2,2.2161868e-05,2022-12-14T17:12:00.000,9.0,2.5111917238973547e-06
168,6743,202212142052,724323300.0,False,1.3205737559474073e-05,1.0681714229576755e-05,1.083031929738354e-05,9.179283551929984e-06,True,True,True,True,True,True,True,M2.2,2.2621798e-05,2022-12-14T20:58:00.000,6.0,1.2000755305052735e-05
169,6744,202212142133,724326000.0,True,1.964994407899212e-05,1.7905456843436696e-05,1.964994407899212e-05,1.9179302398697473e-05,True,True,True,True,True,True,True,M1.3,1.3247375e-05,2022-12-14T21:39:00.000,6.0,4.58947124570841e-06
170,6745,202212142145,724326000.0,True,1.964994407899212e-05,1.7905456843436696e-05,1.964994407899212e-05,1.8955610357807018e-05,True,True,True,True,True,True,True,M1.9,1.9637979e-05,2022-12-14T21:53:00.000,8.0,1.1126799108751584e-05
171,6746,202212142157,724326420.0,False,2.2738844563718885e-05,1.80711031134706e-05,3.422048393986188e-05,2.2738946427125484e-05,True,True,True,True,True,True,True,M4.5,4.541192e-05,2022-12-14T22:06:00.000,9.0,1.5945963241392747e-05
172,6749,202212150124,724340160.0,True,1.383687776979059e-05,1.1547513167897705e-05,1.1931547305721324e-05,9.928727195074316e-06,True,True,True,True,True,True,True,M1.6,1.623628e-05,2022-12-15T01:37:00.000,13.0,4.649246420740383e-06
173,6754,202212150655,724359780.0,False,1.952906313817948e-05,1.7480855603935197e-05,1.77425336005399e-05,1.6033061911002733e-05,True,True,True,True,True,True,True,M2.3,2.3952147e-05,2022-12-15T07:07:00.000,12.0,2.373497636654065e-06
174,6755,202212150754,724362060.0,True,6.388690053427126e-06,6.222926003829343e-06,6.362359727063449e-06,6.139960532891564e-06,True,True,True,True,True,True,True,M1.0,1.00083425e-05,2022-12-15T07:58:00.000,4.0,5.927198799327016e-06
175,6756,202212150802,724363080.0,True,9.226085239788517e-06,9.021967343869619e-06,9.226085239788517e-06,9.005062565847766e-06,True,True,True,True,True,True,True,C9.2,9.219421e-06,2022-12-15T08:10:00.000,8.0,8.070050171227194e-06
176,6757,202212150955,724371240.0,True,1.5067706044646911e-05,1.3791480341751594e-05,1.5996736692613922e-05,1.4648554497398436e-05,True,True,True,True,True,True,True,M1.5,1.5274954e-05,2022-12-15T10:16:00.000,21.0,3.2814298265293473e-06
177,6758,202212151023,724371240.0,True,1.5067706044646911e-05,1.3791480341751594e-05,1.5996736692613922e-05,1.4648554497398436e-05,True,True,True,True,True,True,True,M1.6,1.638877e-05,2022-12-15T10:30:00.000,7.0,1.3122618838679045e-05
179,6762,202212151418,724386240.0,True,7.812862349965144e-06,6.9969610194675624e-06,7.085138349793851e-06,6.464452326326864e-06,True,True,True,True,True,True,True,C9.5,9.539654e-06,2022-12-15T14:23:00.000,5.0,8.678856829646975e-06
180,6764,202212151558,724392720.0,True,7.188757081166841e-06,6.290455985435983e-06,6.407731234503444e-06,5.700790552509716e-06,True,True,True,True,True,True,True,M1.0,1.03363955e-05,2022-12-15T16:10:00.000,12.0,5.730324119213037e-06
182,6766,202212151647,724395060.0,False,2.0516488802968524e-05,1.970541779883206e-05,2.0101588233956136e-05,1.8820466721081175e-05,True,True,True,True,True,True,True,M2.0,2.0725858e-05,2022-12-15T16:56:00.000,9.0,1.0813128028530627e-05
184,6770,202212152220,724415160.0,False,5.700879046344198e-05,4.7258767153834924e-05,5.7463053963147104e-05,5.298889664118178e-05,True,True,True,True,True,True,True,M5.7,5.744778e-05,2022-12-15T22:40:00.000,20.0,6.5533158704056405e-06
185,6771,202212160130,724427040.0,False,3.206844121450558e-05,3.13726304739248e-05,3.374672814970836e-05,3.221651058993302e-05,True,True,True,True,True,True,True,M3.5,3.5523448e-05,2022-12-16T02:01:00.000,31.0,3.5183122690796154e-06
186,6775,202212160442,724438620.0,True,9.945753845386207e-06,8.741783858567942e-06,8.963046639109962e-06,7.897156137914862e-06,True,True,True,True,True,True,True,M1.2,1.23962545e-05,2022-12-16T04:59:00.000,17.0,2.2414767499867594e-06
187,6776,202212160536,724441560.0,True,1.288249586650636e-05,1.1680789612000808e-05,1.1906091458513401e-05,1.0721541912062094e-05,True,True,True,True,True,True,True,M1.3,1.3826122e-05,2022-12-16T05:48:00.000,12.0,5.7423189900873695e-06
189,6779,202212160726,724448160.0,True,1.131092449213611e-05,9.653173037804663e-06,9.807587957766373e-06,8.584917850384954e-06,True,True,True,True,True,True,True,M1.6,1.6726422e-05,2022-12-16T07:38:00.000,12.0,3.878293682646472e-06
190,6780,202212160855,724453440.0,True,8.128407898766454e-06,7.785586603858974e-06,8.128407898766454e-06,7.786195965309162e-06,True,True,True,True,True,True,True,M1.5,1.5687108e-05,2022-12-16T09:05:00.000,10.0,2.590521262391121e-06
191,6781,202212160933,724455720.0,True,9.056560884346254e-06,7.927888873382472e-06,8.057562808971852e-06,7.23066796126659e-06,True,True,True,True,True,True,True,M1.1,1.1683638e-05,2022-12-16T09:43:00.000,10.0,7.828699381207116e-06
192,6782,202212161002,724456020.0,True,7.018551059445599e-06,6.523441697936505e-06,6.596265848202165e-06,6.237900379346684e-06,True,True,True,True,True,True,True,M4.0,4.0206298e-05,2022-12-16T10:19:00.000,17.0,6.021406989020761e-06
193,6786,202212161424,724473360.0,False,2.3489968953072093e-05,2.2081201677792706e-05,2.251457772217691e-05,2.08374021894997e-05,True,True,True,True,True,True,True,M2.4,2.4572535e-05,2022-12-16T14:40:00.000,16.0,2.1037799342593644e-06
194,6787,202212161534,724475940.0,True,9.940250492945779e-06,8.458435331704095e-06,8.613028512627352e-06,7.506368547183229e-06,True,True,True,True,True,True,True,M1.2,1.2642182e-05,2022-12-16T15:40:00.000,6.0,7.109190391929587e-06
196,6877,202212270046,725374320.0,True,1.119025910156779e-05,8.599799912190065e-06,8.979542144516017e-06,6.921819931449136e-06,True,True,True,True,True,True,True,M2.0,2.0673486e-05,2022-12-27T00:54:00.000,8.0,5.945378234173404e-06
197,6885,202212270802,725401200.0,True,8.216996320697945e-06,7.527875368396053e-06,7.693213774473406e-06,6.93089168635197e-06,True,True,True,True,True,True,True,M1.0,1.0598085e-05,2022-12-27T08:15:00.000,13.0,2.4969106107164407e-06
198,6901,202212290632,725570460.0,True,1.2028575838485267e-05,1.1773464393627364e-05,1.1808768249466084e-05,1.1544212611624971e-05,True,True,True,True,True,True,True,M1.2,1.2079151e-05,2022-12-29T07:27:00.000,55.0,1.767747107805917e-06
199,6905,202212291812,725609940.0,True,2.3741287805023603e-05,2.0217101337038912e-05,2.4353521439479664e-05,2.2252359485719353e-05,True,True,True,True,True,True,True,M2.1,2.1786427e-05,2022-12-29T18:20:00.000,8.0,1.5261987300618785e-06
200,6906,202212291826,725609940.0,True,2.3741287805023603e-05,2.0217101337038912e-05,2.4353521439479664e-05,2.2252359485719353e-05,True,True,True,True,True,True,True,M2.4,2.4306597e-05,2022-12-29T18:33:00.000,7.0,1.763919135555625e-05
201,6920,202212301524,725686080.0,True,1.9358876670594327e-06,1.8588576722322614e-06,1.861879013631551e-06,1.8182066696681431e-06,False,False,False,False,False,True,False,M1.4,1.444178e-05,2022-12-30T15:28:00.000,4.0,1.7656016098044347e-06
202,6923,202212301926,725700960.0,False,2.353068884985987e-05,1.8900384020525962e-05,1.927369157783687e-05,1.613734093552921e-05,True,True,True,True,True,True,True,M3.7,3.7431644e-05,2022-12-30T19:38:00.000,12.0,1.7432398635719437e-06
203,6966,202301060043,726238500.0,False,7.077116606524214e-05,6.093912816140801e-05,6.268340803217143e-05,5.361902367440052e-05,True,True,True,True,True,True,True,X1.2,0.00012163665,2023-01-06T00:57:00.000,14.0,1.0586987855276675e-06
204,6976,202301070040,726324660.0,True,1.0030059456767049e-05,8.786698344920296e-06,8.957883437687997e-06,7.949030077725183e-06,True,True,True,True,True,True,True,M1.6,1.6310407e-05,2023-01-07T00:52:00.000,12.0,1.5962425550242187e-06
206,6994,202301080337,726421140.0,False,8.240961506089661e-06,6.914856840012362e-06,7.092099622241221e-06,6.076913905417314e-06,True,True,True,True,True,True,True,C9.3,9.350882e-06,2023-01-08T03:44:00.000,7.0,6.865657724119956e-06
207,6998,202301080839,726440040.0,True,8.891525794751942e-06,8.078811333689373e-06,8.151439942594152e-06,7.661637937417254e-06,True,True,True,True,True,True,True,M1.2,1.2157462e-05,2023-01-08T08:54:00.000,15.0,3.501725132082356e-06
208,7002,202301081451,726462240.0,False,1.3438885616778862e-05,1.205703301820904e-05,1.2343750313448254e-05,1.0896248568315059e-05,True,True,True,True,True,True,True,M1.4,1.4422605e-05,2023-01-08T15:07:00.000,16.0,3.5945079162047477e-06
210,7004,202301081902,726477060.0,True,9.640581993153319e-06,8.795189387456048e-06,8.865898053045385e-06,8.124311534629669e-06,True,True,True,True,True,True,True,M1.0,1.0923919e-05,2023-01-08T19:11:00.000,9.0,9.219984349329025e-06
211,7008,202301090051,726498660.0,True,7.208876922959462e-06,6.451241915783612e-06,6.565277544723358e-06,5.882527602807386e-06,True,True,True,True,True,True,True,M1.1,1.1431522e-05,2023-01-09T01:02:00.000,11.0,3.829015440715011e-06
212,7014,202301090845,726526680.0,False,2.0218389181536622e-05,1.8392551282886416e-05,1.9175471607013606e-05,1.637154673517216e-05,True,True,True,True,True,True,True,M2.1,2.1476191e-05,2023-01-09T09:01:00.000,16.0,2.8716231099679135e-06
213,7019,202301091837,726561960.0,False,0.00012933905236423016,9.41423058975488e-05,9.916377894114703e-05,7.042250217637047e-05,True,True,True,True,True,True,True,X1.9,0.00019765817,2023-01-09T18:50:00.000,13.0,3.0843714284856105e-06
214,7024,202301100009,726581640.0,False,2.4490109353791922e-05,1.8938450011773966e-05,1.9668530512717552e-05,1.5377385352621786e-05,True,True,True,True,True,True,True,M5.1,5.152473e-05,2023-01-10T00:16:00.000,7.0,4.362045729067177e-06
215,7025,202301100047,726582720.0,True,4.985973646398634e-06,4.568017629935639e-06,4.602012268151157e-06,4.318983428674983e-06,False,False,False,False,False,True,True,C6.3,6.363764e-06,2023-01-10T00:51:00.000,4.0,4.042004547955003e-06
217,7027,202301100233,726590220.0,False,2.4290464352816343e-05,2.1696685507777147e-05,2.219491761934478e-05,1.9777779016294517e-05,True,True,True,True,True,True,True,M2.6,2.6934356e-05,2023-01-10T02:41:00.000,8.0,5.74279101783759e-06
218,7045,202301102239,726662760.0,False,1.370437257719459e-05,7.179770818765974e-06,6.773611403332325e-06,4.349401933723129e-06,True,True,True,True,False,True,True,X1.0,0.0001063301,2023-01-10T22:47:00.000,8.0,2.1674650270142592e-06
219,7047,202301110039,726670440.0,False,2.2571097360923886e-05,1.8481996448826976e-05,1.914606946229469e-05,1.563253317726776e-05,True,True,True,True,True,True,True,M2.4,2.4735158e-05,2023-01-11T00:59:00.000,20.0,2.3550062451249687e-06
220,7048,202301110149,726674040.0,False,1.7227033822564408e-05,1.3501528883352876e-05,1.3162625691620633e-05,1.156532653112663e-05,True,True,True,True,True,True,True,M5.6,5.6708155e-05,2023-01-11T01:56:00.000,7.0,4.7116704990912694e-06
221,7051,202301110531,726689100.0,False,1.2602123206306715e-05,1.1877534234372433e-05,1.2105990208510775e-05,1.1218430699955206e-05,True,True,True,True,True,True,True,M1.3,1.3028995e-05,2023-01-11T06:09:00.000,38.0,2.8763097361661494e-06
222,7052,202301110825,726697980.0,True,3.7227189295663266e-06,3.5782568374997936e-06,4.008515588793671e-06,3.7258862448652508e-06,False,False,False,False,False,True,False,M3.1,3.141117e-05,2023-01-11T08:33:00.000,8.0,2.17015599446313e-06
223,7055,202301112047,726742980.0,True,5.402650458563585e-06,4.931696821586229e-06,4.99722182212281e-06,4.611122676578816e-06,False,True,False,False,False,True,True,C8.0,8.071116e-06,2023-01-11T21:00:00.000,13.0,3.796128112298902e-06
224,7057,202301120553,726776040.0,False,1.059957685356494e-05,9.958182090485934e-06,1.0078009836433921e-05,9.518107617623173e-06,True,True,True,True,True,True,True,M1.1,1.1345536e-05,2023-01-12T06:18:00.000,25.0,3.3508256365166744e-06
225,7058,202301120633,726776280.0,True,9.584319741406944e-06,9.208647497871425e-06,9.200347449223045e-06,9.015123396238778e-06,True,True,True,True,True,True,True,M1.5,1.5923693e-05,2023-01-12T06:46:00.000,13.0,8.859552508511115e-06
226,7062,202301121108,726794580.0,True,1.217294266098179e-05,1.1604043720581103e-05,1.1796963917731773e-05,1.1035204806830734e-05,True,True,True,True,True,True,True,M1.2,1.2335127e-05,2023-01-12T11:28:00.000,20.0,3.541706064424943e-06
227,7064,202301121439,726807420.0,True,7.658801223442424e-06,6.999998277024133e-06,7.094452939782059e-06,6.488997769338312e-06,True,True,True,True,True,True,True,M1.0,1.0348743e-05,2023-01-12T14:57:00.000,18.0,3.293085910627269e-06
229,7067,202301121903,726822720.0,True,9.208054507325869e-06,8.335670827364083e-06,8.479657481075265e-06,7.725121577095706e-06,True,True,True,True,True,True,True,M1.0,1.0617729e-05,2023-01-12T19:13:00.000,10.0,5.70596876059426e-06
230,7072,202301130253,726850740.0,True,7.426056981785223e-06,6.906639555381844e-06,7.0336736825993285e-06,6.480008323705988e-06,True,True,True,True,True,True,True,M1.4,1.4267601e-05,2023-01-13T02:59:00.000,6.0,6.340478648780845e-06
231,7076,202301131005,726876780.0,False,4.882531811745139e-06,4.144347258261405e-06,4.081894530827412e-06,3.87275758839678e-06,False,False,False,False,False,True,False,M3.9,3.9868297e-05,2023-01-13T10:15:00.000,10.0,3.847847892757272e-06
233,7088,202301142006,726999120.0,False,3.598606781451963e-05,3.139760156045668e-05,3.436825136304833e-05,2.645304448378738e-05,True,True,True,True,True,True,True,M3.5,3.5951758e-05,2023-01-14T20:21:00.000,15.0,4.708870164904511e-06
234,7089,202301142037,726999720.0,True,1.7229180230060592e-05,1.655585947446525e-05,1.6477450117236003e-05,1.6340774891432375e-05,True,True,True,True,True,True,True,M4.6,4.6022175e-05,2023-01-14T21:00:00.000,23.0,1.671840436756611e-05
235,7090,202301150308,727024800.0,False,5.253179188002832e-05,4.6626122639281675e-05,5.494259676197544e-05,5.107794640935026e-05,True,True,True,True,True,True,True,M6.0,6.02541e-05,2023-01-15T03:42:00.000,34.0,4.5196716200734954e-06
236,7092,202301151416,727064640.0,False,4.78959918837063e-05,4.250080746714957e-05,4.344367334851995e-05,3.8743495679227635e-05,True,True,True,True,True,True,True,M4.8,4.8878264e-05,2023-01-15T14:31:00.000,15.0,3.507678911773837e-06
237,7097,202301160909,727133100.0,True,5.458216037368402e-06,4.751871983899036e-06,4.865089522354538e-06,4.2655497054511216e-06,False,True,False,False,False,True,True,C8.7,8.712597e-06,2023-01-16T09:23:00.000,14.0,3.0209489523258526e-06
238,7108,202301172316,727269960.0,False,1.495475498813903e-05,1.3399360796029214e-05,1.377064018015517e-05,1.2174398761999328e-05,True,True,True,True,True,True,True,M1.8,1.843098e-05,2023-01-17T23:29:00.000,13.0,2.056547145912191e-06
239,7111,202301181021,727309980.0,True,1.360101487080101e-05,1.2337001862761099e-05,1.2485375918913633e-05,1.149913077824749e-05,True,True,True,True,True,True,True,M1.8,1.8158567e-05,2023-01-18T10:35:00.000,14.0,1.955740117409732e-06
241,7123,202301191006,727395060.0,True,8.732675269129686e-06,6.7896016844315454e-06,6.9774991970916744e-06,5.825314019602956e-06,True,True,True,True,True,True,True,M1.7,1.7719982e-05,2023-01-19T10:12:00.000,6.0,2.067215746137663e-06
242,7133,202301221212,727662360.0,True,8.171166882675607e-06,7.368803835561266e-06,7.471153821825283e-06,6.822610430390341e-06,True,True,True,True,True,True,True,M1.1,1.1476338e-05,2023-01-22T12:26:00.000,14.0,6.098747235228075e-06
243,7137,202301221649,727678860.0,True,9.015480827656575e-06,7.118924713722663e-06,7.339761395996902e-06,5.931829491601093e-06,True,True,True,True,True,True,True,M1.6,1.6220205e-05,2023-01-22T17:02:00.000,13.0,2.364111878705444e-06
244,7142,202301250443,727894380.0,True,8.071328920777887e-06,7.132521204766817e-06,7.2731672844383866e-06,6.492761258414248e-06,True,True,True,True,True,True,True,C9.6,9.678387e-06,2023-01-25T04:53:00.000,10.0,4.6584277697547805e-06
245,7145,202301250937,727912140.0,False,4.3324293073965237e-05,4.189998435322195e-05,4.450003325473517e-05,4.304050889913924e-05,True,True,True,True,True,True,True,M4.6,4.6541183e-05,2023-01-25T10:11:00.000,34.0,6.0654797380266245e-06
246,7147,202301251642,727937820.0,False,1.3147544450475834e-05,1.2022971532132942e-05,1.2413958756951615e-05,1.098194934456842e-05,True,True,True,True,True,True,True,M1.3,1.39858685e-05,2023-01-25T17:01:00.000,19.0,5.165070888324408e-06
247,7149,202301252223,727958040.0,True,1.1974946573900525e-05,9.589012734068092e-06,9.784130270418245e-06,8.151887413987424e-06,True,True,True,True,True,True,True,M2.0,2.025358e-05,2023-01-25T22:35:00.000,12.0,3.2384700716647785e-06
248,7155,202301261253,728010120.0,False,2.186191522923764e-05,1.8021439245785587e-05,1.9087636246695183e-05,1.5000617167970631e-05,True,True,True,True,True,True,True,M2.8,2.8712053e-05,2023-01-26T13:06:00.000,13.0,3.730038088178844e-06
249,7206,202302072001,729072420.0,True,8.227646503655706e-06,7.5182651926297694e-06,7.567949978692923e-06,6.991847385506844e-06,True,True,True,True,True,True,True,M1.5,1.596277e-05,2023-02-07T20:07:00.000,6.0,2.3909360606921837e-06
251,7210,202302072246,729082500.0,False,6.392058276105672e-05,3.5944267438026145e-05,6.392058276105672e-05,3.752233169507235e-05,True,True,True,True,True,True,True,M3.8,3.896816e-05,2023-02-07T22:58:00.000,12.0,4.25408870796673e-06
252,7212,202302080245,729096720.0,True,6.916599431860959e-06,6.120548732724274e-06,6.266341188165825e-06,5.528242127184058e-06,True,True,True,True,True,True,True,M2.0,2.0664977e-05,2023-02-08T02:53:00.000,8.0,3.513940328048193e-06
253,7217,202302081528,729143400.0,False,1.6328160199918784e-05,1.5731913663330488e-05,1.6328160199918784e-05,1.5932029782561585e-05,True,True,True,True,True,True,True,M1.6,1.6258486e-05,2023-02-08T16:03:00.000,35.0,1.9736344256671146e-06
254,7219,202302081956,729158760.0,False,1.504005558672361e-05,1.4212204405339435e-05,1.4393729543371592e-05,1.3563364518631715e-05,True,True,True,True,True,True,True,M1.5,1.5476604e-05,2023-02-08T20:12:00.000,16.0,3.700984279930708e-06
255,7220,202302082103,729161280.0,True,9.062778190127574e-06,9.02794909052318e-06,9.062778190127574e-06,9.030465662362985e-06,True,True,True,True,True,True,True,M1.7,1.7163804e-05,2023-02-08T21:13:00.000,10.0,8.999249075714033e-06
256,7221,202302082121,729162360.0,False,1.7080357793020085e-05,1.560154305479955e-05,1.594472814758774e-05,1.4541924429067876e-05,True,True,True,True,True,True,True,M1.7,1.7532e-05,2023-02-08T21:37:00.000,16.0,1.350511683995137e-05
257,7223,202302100245,729269760.0,False,3.724824637174606e-05,3.5114881029585376e-05,3.593009023461491e-05,3.301192555227317e-05,True,True,True,True,True,True,True,M3.7,3.7280977e-05,2023-02-10T03:03:00.000,18.0,2.301555468875449e-06
258,7224,202302100535,729280020.0,True,7.170373919507256e-06,6.625572495977394e-06,6.708160526613938e-06,6.235618911887286e-06,True,True,True,True,True,True,True,C9.3,9.309434e-06,2023-02-10T05:46:00.000,11.0,3.491824372758856e-06
259,7225,202302100802,729288300.0,True,5.028373379900586e-06,4.875430477113696e-06,4.904927664028946e-06,4.7442977120226715e-06,False,True,False,False,False,True,True,M1.4,1.4078581e-05,2023-02-10T08:05:00.000,3.0,4.124412043893244e-06
260,7230,202302101435,729312900.0,True,9.530932402412873e-06,8.849674486555159e-06,8.943542525230441e-06,8.405274456890766e-06,True,True,True,True,True,True,True,M1.1,1.1990826e-05,2023-02-10T14:55:00.000,20.0,3.5325099361216417e-06
262,7232,202302102234,729340860.0,True,6.4436940192535985e-06,5.8025307225761935e-06,6.165596005303087e-06,5.7628662943898235e-06,True,True,True,True,True,True,True,M1.2,1.2620081e-05,2023-02-10T22:41:00.000,7.0,3.4550446343928343e-06
264,7238,202302110759,729374640.0,False,1.8857434042729437e-05,1.5030563190521207e-05,1.5589906979585066e-05,1.2343826711003203e-05,True,True,True,True,True,True,True,M2.2,2.2959382e-05,2023-02-11T08:08:00.000,9.0,9.317185686086304e-06
265,7240,202302111042,729385080.0,True,7.942309821373783e-06,7.677993380639236e-06,7.673067557334434e-06,7.566098247480113e-06,True,True,True,True,True,True,True,M1.0,1.0622771e-05,2023-02-11T10:58:00.000,16.0,3.153835677949246e-06
266,7241,202302111129,729387180.0,True,1.059370333678089e-05,1.0046897841675673e-05,1.0100075996888336e-05,9.737575965118594e-06,True,True,True,True,True,True,True,M1.4,1.4995508e-05,2023-02-11T11:34:00.000,5.0,7.181485216278816e-06
267,7242,202302111205,729388200.0,True,9.65448452916462e-06,9.059520380105823e-06,9.65448452916462e-06,9.336081348010339e-06,True,True,True,True,True,True,True,M1.5,1.5382138e-05,2023-02-11T12:09:00.000,4.0,9.102052899834234e-06
268,7243,202302111540,729402360.0,False,3.715699494932778e-05,2.414937443973031e-05,2.330117604287807e-05,1.8102846297551878e-05,True,True,True,True,True,True,True,X1.1,0.00011646811,2023-02-11T15:48:00.000,8.0,3.9578812902618665e-06
269,7244,202302111711,729408120.0,True,8.91227500687819e-06,7.5606053542287555e-06,7.693819497944787e-06,6.69691189614241e-06,True,True,True,True,True,True,True,M1.4,1.4305811e-05,2023-02-11T17:23:00.000,12.0,4.174030891590519e-06
270,7245,202302112245,729428220.0,True,7.607558927702485e-06,7.409249064949108e-06,7.572271442768397e-06,7.010544777585892e-06,True,True,True,True,True,True,True,C8.7,8.788076e-06,2023-02-11T22:57:00.000,12.0,5.034670721215662e-06
271,7250,202302120524,729452520.0,True,8.097596946754493e-06,7.673912477912381e-06,7.829159585526213e-06,7.304263363039354e-06,True,True,True,True,True,True,True,C9.0,9.091319e-06,2023-02-12T05:41:00.000,17.0,3.3417868507967796e-06
272,7251,202302120835,729463500.0,False,1.413919835613342e-05,1.2287790013942868e-05,1.1899231139977928e-05,1.1552762771316338e-05,True,True,True,True,True,True,True,M3.1,3.1839012e-05,2023-02-12T08:48:00.000,13.0,3.2941904919425724e-06
273,7252,202302120911,729464160.0,True,1.008558592729969e-05,8.273614184872713e-06,8.413160685449839e-06,7.2330781222262885e-06,True,True,True,True,True,True,True,M1.4,1.4614526e-05,2023-02-12T09:27:00.000,16.0,6.458976258727489e-06
274,7259,202302130504,729537660.0,True,8.808857273834292e-06,8.65740094013745e-06,8.808857273834292e-06,8.317359061038587e-06,True,True,True,True,True,True,True,M1.0,1.0947299e-05,2023-02-13T05:18:00.000,14.0,4.6080567699391395e-06
275,7268,202302131549,729575700.0,True,9.283324288844597e-06,8.006664756976534e-06,8.21951289253775e-06,7.098657079041004e-06,True,True,True,True,True,True,True,M1.4,1.4451495e-05,2023-02-13T15:56:00.000,7.0,5.6208214118669275e-06
276,7274,202302140157,729612180.0,True,5.567392690863926e-06,4.49675872005173e-06,4.631014689948643e-06,3.811657734331675e-06,False,True,False,False,False,True,True,M1.8,1.8246472e-05,2023-02-14T02:03:00.000,6.0,1.7096549527195748e-06
277,7283,202302141159,729648540.0,False,2.1990095774526708e-05,2.1611775082419626e-05,2.182369280490093e-05,2.1198873582761735e-05,True,True,True,True,True,True,True,M2.6,2.6944906e-05,2023-02-14T12:12:00.000,13.0,1.6892577150429133e-06
278,7291,202302161016,729817020.0,True,8.66857408254873e-06,8.477677511109505e-06,8.489331776218023e-06,8.343526133103296e-06,True,True,True,True,True,True,True,C9.0,9.020078e-06,2023-02-16T10:59:00.000,43.0,1.4390977867151378e-06
279,7303,202302171938,729935880.0,False,0.00020427243725862354,0.00017495131760369986,0.00021887448383495212,0.00019701050769072026,True,True,True,True,True,True,True,X2.2,0.00022803889,2023-02-17T20:16:00.000,38.0,2.4135511011991184e-06
280,7312,202302220451,730314660.0,True,1.311427968175849e-05,1.2674202480411623e-05,1.2843327567679808e-05,1.2284850527066737e-05,True,True,True,True,True,True,True,M1.4,1.4061393e-05,2023-02-22T05:12:00.000,21.0,1.9328163034515455e-06
281,7317,202302221336,730345620.0,False,1.8186956367571838e-05,1.3682930330105592e-05,1.4103316971159074e-05,1.082671860785922e-05,True,True,True,True,True,True,True,M2.6,2.6797543e-05,2023-02-22T13:50:00.000,14.0,1.7706622656987747e-06
282,7325,202302230600,730404840.0,True,3.4248921565449564e-06,3.0371952561836224e-06,2.887471737267333e-06,2.8061710963811493e-06,False,False,False,False,False,False,False,C3.2,3.2556945e-06,2023-02-23T06:06:00.000,6.0,1.996628952838364e-06
283,7326,202302230611,730404840.0,True,3.4248921565449564e-06,2.8808183287765132e-06,2.887471737267333e-06,2.6064083158416906e-06,False,False,False,False,False,True,False,M1.5,1.5327565e-05,2023-02-23T06:14:00.000,3.0,2.1472101252584253e-06
284,7344,202302242003,730542000.0,False,3.734164056368172e-05,3.644007665570825e-05,3.734164056368172e-05,3.526445652823895e-05,True,True,True,True,True,True,True,M3.7,3.7315283e-05,2023-02-24T20:30:00.000,27.0,1.6540005844944972e-06
285,7351,202302251840,730624680.0,False,4.553635881165974e-05,3.734129131771624e-05,5.0904305680887774e-05,4.362756953923963e-05,True,True,True,True,True,True,True,M6.3,6.354004e-05,2023-02-25T19:44:00.000,64.0,1.0960941381199518e-06
286,7362,202302281735,730878120.0,False,8.622357563581318e-05,6.705677515128627e-05,7.495035242754966e-05,4.965424523106776e-05,True,True,True,True,True,True,True,M8.6,8.617607e-05,2023-02-28T17:50:00.000,15.0,1.9335566321387887e-06
287,7381,202303022059,731063400.0,False,3.645557080744766e-05,2.9057404390187003e-05,3.064837073907256e-05,2.347103327338118e-05,True,True,True,True,True,True,True,M3.8,3.8553135e-05,2023-03-02T21:16:00.000,17.0,1.87394141448749e-06
288,7383,202303031008,731110920.0,False,3.3014042855938897e-05,3.222598388674669e-05,3.3014042855938897e-05,3.1544263038085774e-05,True,True,True,True,True,True,True,,3.2988202e-05,2023-03-03T10:32:00.000,24.0,3.346443918417208e-06
290,7387,202303031739,731137740.0,False,0.00012087682262063026,0.0001051708240993321,0.00010521028161747381,9.709745791042224e-05,True,True,True,True,True,True,True,,0.00020714976,2023-03-03T17:52:00.000,13.0,1.8069310954160756e-06
291,7397,202303041334,731209380.0,True,4.541815997072263e-06,4.196313057036605e-06,4.258045009919442e-06,3.95328652302851e-06,False,False,False,False,False,True,True,M1.2,1.2194286e-05,2023-03-04T13:42:00.000,8.0,4.170803094893927e-06
292,7400,202303041519,731215620.0,False,3.21685329254251e-05,2.8887765438412316e-05,3.549687971826643e-05,3.162699067615904e-05,True,True,True,True,True,True,True,M5.2,5.2677944e-05,2023-03-04T15:57:00.000,38.0,6.756806214980315e-06
293,7411,202303051624,731306460.0,True,8.77192087500589e-06,8.557647561246995e-06,8.637003702460788e-06,8.523311407770962e-06,True,True,True,True,True,True,True,M1.0,1.0646669e-05,2023-03-05T16:41:00.000,17.0,3.6687542888103053e-06
294,7412,202303051653,731306460.0,True,8.77192087500589e-06,8.557647561246995e-06,8.80243351275567e-06,8.569831152271945e-06,True,True,True,True,True,True,True,M1.0,1.0358945e-05,2023-03-05T17:01:00.000,8.0,8.397955753025599e-06
295,7415,202303052129,731323980.0,False,1.894320303108543e-05,1.2487060303101316e-05,1.2487756976042874e-05,9.229248462361284e-06,True,True,True,True,True,True,True,M5.0,5.046095e-05,2023-03-05T21:36:00.000,7.0,2.2017432002030546e-06
296,7417,202303060208,731341200.0,False,5.810098082292825e-05,4.5748452976113185e-05,4.8892816266743466e-05,3.656887201941572e-05,True,True,True,True,True,True,True,M5.8,5.8042177e-05,2023-03-06T02:28:00.000,20.0,1.5947982774378033e-06
297,7423,202303061724,731396880.0,True,9.615509043214843e-06,8.990108653961215e-06,9.14229440240888e-06,8.446311767329462e-06,True,True,True,True,True,True,True,M1.0,1.03398e-05,2023-03-06T17:50:00.000,26.0,2.123225613104296e-06
298,7435,202303082235,731587500.0,True,5.20914818480378e-06,4.084666670678416e-06,4.267295480531175e-06,3.339951035741251e-06,False,True,False,False,False,True,True,M1.3,1.3581393e-05,2023-03-08T22:44:00.000,9.0,1.1529666608112166e-06
299,7492,202303200119,732548520.0,True,1.2744484592985827e-05,1.2489922482927795e-05,1.2531864740594756e-05,1.2319811503402889e-05,True,True,True,True,True,True,True,M1.2,1.2837128e-05,2023-03-20T01:48:00.000,29.0,3.977398137067212e-06
300,7536,202303290218,733329000.0,False,6.649067654507235e-05,5.166861228644848e-05,5.3020328778075054e-05,4.226018791086972e-05,True,True,True,True,True,True,True,X1.2,0.00012713997,2023-03-29T02:33:00.000,15.0,2.0662434963014675e-06
301,7541,202303300724,733433580.0,False,3.134189319098368e-05,2.3272581529454328e-05,2.34034814639017e-05,1.8785567590384744e-05,True,True,True,True,True,True,True,M5.4,5.4092467e-05,2023-03-30T07:37:00.000,13.0,1.3791124047202175e-06
302,7576,202304080138,734190240.0,True,5.5801269809308e-06,4.448613708518678e-06,4.337221525929635e-06,4.008616087958217e-06,False,True,False,False,False,True,True,M2.9,2.90136e-05,2023-04-08T01:46:00.000,8.0,9.841750170380692e-07
303,7629,202304110951,734480220.0,True,4.208095560898073e-06,3.2974792247841833e-06,3.32597915075894e-06,2.8208926323713968e-06,False,False,False,False,False,True,True,M1.3,1.3832549e-05,2023-04-11T10:16:00.000,25.0,9.993336789193563e-07
304,7666,202304142318,734786880.0,True,4.190002528048353e-06,3.607194230426103e-06,3.6393196296558017e-06,3.2669820484443335e-06,False,False,False,False,False,True,False,M1.5,1.5176338e-05,2023-04-14T23:27:00.000,9.0,2.2969304609432584e-06
305,7722,202304211744,735372120.0,False,1.7721795302350074e-05,1.7546317394590005e-05,1.7721795302350074e-05,1.7403035599272698e-05,True,True,True,True,True,True,True,M1.7,1.7698514e-05,2023-04-21T18:12:00.000,28.0,1.0132838497156627e-06
306,7750,202304271104,735865980.0,True,9.920189768308774e-06,9.053766007127706e-06,9.244391549145803e-06,8.272359082184266e-06,True,True,True,True,True,True,True,M1.8,1.8762052e-05,2023-04-27T11:14:00.000,10.0,5.604559873972903e-07
307,7786,202304301956,736157820.0,False,2.4472679797327146e-05,2.403490179858636e-05,2.4472679797327146e-05,2.378830140514765e-05,True,True,True,True,True,True,True,M2.4,2.4421777e-05,2023-04-30T20:28:00.000,32.0,1.3345559182198485e-06
308,7798,202305011302,736218480.0,True,4.169852218183223e-06,3.3820451790234074e-06,3.3559090297785588e-06,3.0257642720243894e-06,False,False,False,False,False,True,False,M7.2,7.214944e-05,2023-05-01T13:09:00.000,7.0,1.415878728039388e-06
309,7824,202305030915,736377900.0,False,1.948802855622489e-05,1.549781700305175e-05,1.561032513563987e-05,1.3326130101631861e-05,True,True,True,True,True,True,True,,4.3429653e-05,2023-05-03T09:27:00.000,12.0,5.055836936662672e-06
310,7825,202305031003,736379280.0,True,5.045169928052928e-06,4.666169388656272e-06,4.7168291530397255e-06,4.422828624228714e-06,False,True,False,False,False,True,True,,3.157141e-05,2023-05-03T10:14:00.000,11.0,4.166180133324815e-06
311,7826,202305031036,736381260.0,True,9.60056422627531e-06,8.68307142809499e-06,9.60056422627531e-06,9.061854143510573e-06,True,True,True,True,True,True,True,,7.3510855e-05,2023-05-03T10:45:00.000,9.0,8.7321695900755e-06
312,7828,202305031224,736389300.0,True,5.450933258543955e-06,4.183572400506819e-06,4.203441676509101e-06,3.543968205121928e-06,False,True,False,False,False,True,True,,1.8053775e-05,2023-05-03T12:35:00.000,11.0,2.3105862965167034e-06
313,7829,202305031343,736393740.0,True,5.679930836777203e-06,4.273181275493698e-06,4.335676294431323e-06,3.5248801850684686e-06,False,True,False,False,False,True,True,,2.2348704e-05,2023-05-03T13:50:00.000,7.0,1.9257079202361638e-06
314,7840,202305040805,736460820.0,False,3.7099562177900225e-05,3.316671427455731e-05,3.909539373125881e-05,3.619079870986752e-05,True,True,True,True,True,True,True,M3.9,3.960402e-05,2023-05-04T08:44:00.000,39.0,1.5102469888006453e-06
315,7848,202305050730,736544820.0,False,2.1078145437058993e-05,2.0594714442268014e-05,2.110707646352239e-05,2.0942645278410055e-05,True,True,True,True,True,True,True,M2.1,2.1081476e-05,2023-05-05T08:01:00.000,31.0,6.285315066634212e-06
316,7849,202305051518,736572660.0,True,8.158124728652183e-06,7.787245522195008e-06,8.221398275054526e-06,7.993276994966436e-06,True,True,True,True,True,True,True,M1.2,1.2356645e-05,2023-05-05T15:31:00.000,13.0,2.411691866655019e-06
317,7850,202305051539,736572660.0,True,8.158124728652183e-06,7.787245522195008e-06,8.286506272270344e-06,8.042148692766204e-06,True,True,True,True,True,True,True,C8.2,8.280663e-06,2023-05-05T15:47:00.000,8.0,7.400426966341911e-06
318,7863,202305072140,736770300.0,False,1.541393794468604e-05,1.524023446108913e-05,1.5270892617991194e-05,1.5084701772138942e-05,True,True,True,True,True,True,True,M1.5,1.5397933e-05,2023-05-07T22:34:00.000,54.0,1.3039476698395447e-06
319,7864,202305072253,736771080.0,True,1.3885445696359966e-05,1.3734491403738502e-05,1.3740501344727818e-05,1.3660570402862504e-05,True,True,True,True,True,True,True,M1.6,1.6399104e-05,2023-05-07T23:23:00.000,30.0,1.3521229448087979e-05
320,7865,202305080216,736784640.0,True,5.280373898131074e-06,5.122134098201059e-06,5.1445249482640065e-06,5.01505837746663e-06,True,True,True,True,True,True,True,C7.9,7.981822e-06,2023-05-08T02:23:00.000,7.0,5.289770342642441e-06
321,7877,202305082011,736849320.0,False,1.4961356100684498e-05,1.1730193364201114e-05,1.1965559679083526e-05,9.905957085720729e-06,True,True,True,True,True,True,True,M2.3,2.3156876e-05,2023-05-08T20:25:00.000,14.0,1.9065520291405846e-06
322,7882,202305090342,736876260.0,False,4.8031321057351306e-05,4.013042416772805e-05,4.101617378182709e-05,3.467487476882525e-05,True,True,True,True,True,True,True,M6.5,6.574174e-05,2023-05-09T03:54:00.000,12.0,2.6750831239041872e-06
323,7886,202305091000,736899660.0,True,9.135136679105926e-06,7.715080755588133e-06,7.93870185589185e-06,6.6830757532443386e-06,True,True,True,True,True,True,True,M1.3,1.375337e-05,2023-05-09T10:20:00.000,20.0,1.7734088260112912e-06
324,7893,202305091820,736929480.0,False,3.800044578383677e-05,3.463824759819545e-05,4.004352740594186e-05,3.6997338611399755e-05,True,True,True,True,True,True,True,M4.2,4.2909116e-05,2023-05-09T18:58:00.000,38.0,2.296494130860083e-06
325,7894,202305092032,736935420.0,True,7.767993338347878e-06,7.575263225589879e-06,7.613426532770973e-06,7.425163403240731e-06,True,True,True,True,True,True,True,M5.0,5.0188308e-05,2023-05-09T20:52:00.000,20.0,7.086528967192862e-06
326,7899,202305101411,737000280.0,False,1.616818190086633e-05,1.4395322068594396e-05,1.4748192370461766e-05,1.298170809604926e-05,True,True,True,True,True,True,True,M2.2,2.2674185e-05,2023-05-10T14:21:00.000,10.0,1.9513204279064666e-06
327,7911,202305110847,737067420.0,False,1.7673522961558774e-05,1.3875530385121237e-05,1.4378404557646718e-05,1.1255436220380943e-05,True,True,True,True,True,True,True,M2.1,2.1976146e-05,2023-05-11T09:01:00.000,14.0,1.1363989642632077e-06
328,7914,202305111813,737101680.0,True,1.0513829693081789e-05,9.047300409292802e-06,9.245740329788532e-06,7.994769475772046e-06,True,True,True,True,True,True,True,M1.8,1.8860357e-05,2023-05-11T18:29:00.000,16.0,1.630505266803084e-06
329,7953,202305161631,737527080.0,False,7.494671444874257e-05,5.6460456107743084e-05,5.800689177704044e-05,4.447299215826206e-05,True,True,True,True,True,True,True,M9.6,9.619491e-05,2023-05-16T16:43:00.000,12.0,9.978554089684621e-07
331,7972,202305181132,737682180.0,False,1.9437748051132075e-05,1.77724923560163e-05,1.8084649127558805e-05,1.646868076932151e-05,True,True,True,True,True,True,True,M2.2,2.2462342e-05,2023-05-18T11:47:00.000,15.0,3.434528025536565e-06
332,7973,202305181200,737682300.0,True,1.8084649127558805e-05,1.646868076932151e-05,1.6743595551815815e-05,1.538196374895051e-05,True,True,True,True,True,True,True,M1.9,1.933483e-05,2023-05-18T12:13:00.000,13.0,1.4364546586875804e-05
333,7974,202305181239,737684640.0,True,1.224188872583909e-05,1.1412054846005049e-05,1.1491228178783786e-05,1.1072555025748443e-05,True,True,True,True,True,True,True,M1.6,1.6856608e-05,2023-05-18T12:49:00.000,10.0,1.1399127288314048e-05
334,7978,202305182012,737713320.0,False,3.6250450648367405e-05,3.3111904485849664e-05,3.6250450648367405e-05,3.3053936931537464e-05,True,True,True,True,True,True,True,M3.8,3.8580103e-05,2023-05-18T20:23:00.000,11.0,1.9564529338822467e-06
335,7979,202305182051,737714160.0,True,2.6876477932091802e-05,2.4730574295972474e-05,2.4780269086477347e-05,2.3708036678726785e-05,True,True,True,True,True,True,True,M4.5,4.5044293e-05,2023-05-18T21:05:00.000,14.0,2.3203550881589763e-05
336,7981,202305190041,737729040.0,False,2.8879669116577134e-05,2.2279420591075905e-05,2.2716199964634143e-05,1.8366599761066027e-05,True,True,True,True,True,True,True,M5.3,5.3876247e-05,2023-05-19T00:48:00.000,7.0,3.417004791117506e-06
338,7983,202305190305,737737800.0,True,1.1681392606988084e-05,1.0733532690210268e-05,1.1083880963269621e-05,9.874263014353346e-06,True,True,True,True,True,True,True,M1.6,1.6180951e-05,2023-05-19T03:12:00.000,7.0,4.724151494883699e-06
340,7985,202305190449,737744280.0,True,1.6930160199990496e-05,1.4343240763992071e-05,1.4581076356989797e-05,1.2531761058198754e-05,True,True,True,True,True,True,True,M2.5,2.5415915e-05,2023-05-19T05:00:00.000,11.0,2.5274866857216693e-06
341,7999,202305191945,737798340.0,False,2.3054455596138723e-05,2.0263780243112706e-05,2.0945888536516577e-05,1.8347238437854685e-05,True,True,True,True,True,True,True,M2.3,2.3233073e-05,2023-05-19T20:06:00.000,21.0,3.252462647651555e-06
342,8000,202305192014,737798340.0,False,2.3054455596138723e-05,2.0263780243112706e-05,2.0945888536516577e-05,1.8347238437854685e-05,True,True,True,True,True,True,True,M2.7,2.7547767e-05,2023-05-19T20:26:00.000,12.0,1.686366886133328e-05
344,8010,202305200716,737839380.0,False,6.497895810753107e-05,4.781468669534661e-05,5.180985317565501e-05,3.531277252477594e-05,True,True,True,True,True,True,True,M6.4,6.4969834e-05,2023-05-20T07:32:00.000,16.0,5.454151050798828e-06
345,8011,202305200918,737845380.0,True,7.343934612435987e-06,7.169248419813812e-06,7.245986125781201e-06,7.146177722461289e-06,True,True,True,True,True,True,True,M1.1,1.1155508e-05,2023-05-20T09:27:00.000,9.0,7.220122824946884e-06
346,8012,202305201048,737852040.0,True,1.463104854337871e-05,1.308028367930092e-05,1.3652967027155682e-05,1.1601018741203006e-05,True,True,True,True,True,True,True,M1.6,1.6341868e-05,2023-05-20T10:54:00.000,6.0,3.5097116324322997e-06
347,8013,202305201225,737857980.0,False,3.1059211323736235e-05,2.4311273591592908e-05,2.402805876045022e-05,2.095494892273564e-05,True,True,True,True,True,True,True,M8.9,8.964781e-05,2023-05-20T12:35:00.000,10.0,2.924611180787906e-06
348,8015,202305201454,737866680.0,False,1.9457425878499635e-05,1.6406012946390547e-05,1.6482124920003116e-05,1.469044218538329e-05,True,True,True,True,True,True,True,M5.6,5.6766745e-05,2023-05-20T15:00:00.000,6.0,4.528964836936211e-06
349,8027,202305202252,737895720.0,False,5.107987090013921e-05,4.618736056727357e-05,4.91681057610549e-05,4.02915793529246e-05,True,True,True,True,True,True,True,M5.1,5.1961484e-05,2023-05-20T23:06:00.000,14.0,2.3838931610953296e-06
350,8038,202305211549,737956800.0,False,2.3218481146614067e-05,2.0591132852132432e-05,2.1225896489340812e-05,1.8370779798715375e-05,True,True,True,True,True,True,True,M2.6,2.6035319e-05,2023-05-21T16:04:00.000,15.0,2.403907274128869e-06
351,8040,202305212136,737978760.0,True,6.179221600177698e-06,5.583298843703233e-06,5.690335456165485e-06,5.154306563781574e-06,True,True,True,True,True,True,True,C9.8,9.883421e-06,2023-05-21T21:58:00.000,22.0,3.6224103041604394e-06
352,8047,202305221319,738034500.0,True,8.31251236377284e-06,7.0787737058708444e-06,5.973326551611535e-06,5.973326551611535e-06,True,True,True,True,True,True,True,,7.2561156e-06,2023-05-22T13:27:00.000,8.0,1.8015454088526894e-06
353,8048,202305221330,738034500.0,True,8.31251236377284e-06,5.889881776965922e-06,5.973326551611535e-06,4.522083600022597e-06,True,True,True,True,False,False,True,,3.4671034e-06,2023-05-22T13:31:00.000,1.0,3.4308925478399033e-06
355,8057,202305231207,738115980.0,True,4.230525973980548e-06,3.804586185651715e-06,3.828021363005973e-06,3.6024484870722517e-06,False,False,False,False,False,True,True,M3.0,3.093681e-05,2023-05-23T12:13:00.000,6.0,2.8453271170292282e-06
356,8074,202305241704,738220680.0,True,1.907481055241078e-05,1.6860783944139257e-05,1.7162416042992845e-05,1.5241078472172376e-05,True,True,True,True,True,True,True,M1.8,1.8525629e-05,2023-05-24T17:21:00.000,17.0,1.7006934740493307e-06
357,8108,202305262248,738414180.0,True,9.426243195775896e-06,8.505142432113644e-06,8.71543034008937e-06,7.753419595246669e-06,True,True,True,True,True,True,True,M1.3,1.3762226e-05,2023-05-26T23:03:00.000,15.0,4.805894604942296e-06
358,8138,202305301335,738725940.0,True,2.744483936112374e-06,2.546311634432641e-06,2.6524962777330074e-06,2.5322651708847843e-06,False,False,False,False,False,True,False,M1.4,1.49036505e-05,2023-05-30T13:38:00.000,3.0,1.714651830297953e-06
360,8163,202305312214,738843540.0,False,2.322707950952463e-05,2.12412796827266e-05,2.5481172997388057e-05,2.3036862330627628e-05,True,True,True,True,True,True,True,M4.2,4.2883014e-05,2023-05-31T22:52:00.000,38.0,1.0163995284528937e-05
361,8211,202306071118,739409640.0,False,4.722159792436287e-05,4.5569962821900845e-05,4.722159792436287e-05,4.592897312249988e-05,True,True,True,True,True,True,True,M4.7,4.721715e-05,2023-06-07T11:46:00.000,28.0,1.8554034113549278e-06
362,8225,202306091648,739602240.0,False,2.477184170857072e-05,2.258727363368962e-05,2.3301436158362776e-05,2.0464978661038913e-05,True,True,True,True,True,True,True,M2.5,2.5048885e-05,2023-06-09T17:11:00.000,23.0,1.3503940863301978e-06
363,8280,202306161020,740183940.0,True,8.977610377769452e-06,8.227360922319349e-06,8.390114999201614e-06,7.606491180922603e-06,True,True,True,True,True,True,True,M1.0,1.0824913e-05,2023-06-16T10:38:00.000,18.0,1.3397917655311176e-06
364,8294,202306181325,740367480.0,False,2.4927043341449462e-05,2.3696653443039395e-05,2.5318640837213024e-05,2.4631372070871294e-05,True,True,True,True,True,True,True,M2.5,2.521706e-05,2023-06-18T13:53:00.000,28.0,2.0941297407262027e-06
366,8313,202306201117,740532120.0,False,1.6791174857644364e-05,1.4712437405250967e-05,1.5252385310304817e-05,1.300485382671468e-05,True,True,True,True,True,True,True,M1.8,1.8353629e-05,2023-06-20T11:25:00.000,8.0,9.336295988759957e-06
367,8327,202306211231,740623500.0,True,7.144162736949511e-06,5.9575127124844585e-06,6.106925866333768e-06,5.177078492124565e-06,True,True,True,True,True,True,True,M1.1,1.1692912e-05,2023-06-21T12:44:00.000,13.0,2.581774651844171e-06
368,8335,202306221057,740704920.0,True,8.450569112028461e-06,7.4837753345491365e-06,7.577092219435144e-06,6.839853085693903e-06,True,True,True,True,True,True,True,,1.1594849e-05,2023-06-22T11:21:00.000,24.0,1.8716958720688126e-06
369,8338,202306222329,740749080.0,False,4.670720227295533e-05,4.084604370291345e-05,4.207242091069929e-05,3.6279310734244063e-05,True,True,True,True,True,True,True,,4.8958158e-05,2023-06-22T23:44:00.000,15.0,1.698014784778934e-06
370,8387,202306261608,741068460.0,True,1.197742676595226e-05,9.91798697214108e-06,1.0828916856553406e-05,7.930015271995217e-06,True,True,True,True,True,True,True,M1.6,1.6185244e-05,2023-06-26T16:22:00.000,14.0,1.0866743878068519e-06
371,8415,202306280826,741213660.0,False,1.5695493857492693e-05,1.3535735888581257e-05,1.3742924238613341e-05,1.2163653991592582e-05,True,True,True,True,True,True,True,M1.9,1.9683825e-05,2023-06-28T08:44:00.000,18.0,1.0286685210303403e-06
372,8428,202306291400,741319920.0,False,2.4394990759901702e-05,1.8181126506533474e-05,1.8645756426849402e-05,1.463339776819339e-05,True,True,True,True,True,True,True,M3.8,3.8475413e-05,2023-06-29T14:15:00.000,15.0,1.4409681625693338e-06
373,8449,202307020229,741537240.0,True,3.606509380915668e-06,2.808393219311256e-06,2.8749739158229204e-06,2.640524826347246e-06,False,False,False,False,False,True,False,M2.0,2.0928293e-05,2023-07-02T02:35:00.000,6.0,1.6993215012917062e-06
374,8450,202307020246,741537240.0,True,3.606509380915668e-06,2.808393219311256e-06,2.8749739158229204e-06,2.640524826347246e-06,False,False,False,False,False,False,False,C4.1,4.1611993e-06,2023-07-02T02:56:00.000,10.0,2.5672095489426283e-06
375,8460,202307022254,741611100.0,False,0.00010650405602063984,0.00010445103544043377,0.00010550306615186855,0.00010299350105924532,True,True,True,True,True,True,True,X1.0,0.000106504056,2023-07-02T23:14:00.000,20.0,3.424190708756214e-06
376,8465,202307030643,741639240.0,True,5.9883896028622985e-06,5.622606749966508e-06,5.9883896028622985e-06,5.295225491863675e-06,True,True,True,True,True,True,True,M1.3,1.37658635e-05,2023-07-03T06:53:00.000,10.0,1.7516745174361859e-06
377,8483,202307041220,741746040.0,True,1.23715781228384e-05,1.1250060197198763e-05,1.1401345545891672e-05,1.0497617040527984e-05,True,True,True,True,True,True,True,M1.4,1.4824998e-05,2023-07-04T12:35:00.000,15.0,1.594911168467661e-06
378,8500,202307051836,741855900.0,True,7.456923867721343e-06,7.21063042874448e-06,7.25977497495478e-06,6.942966138012707e-06,True,True,True,True,True,True,True,M1.0,1.0145368e-05,2023-07-05T18:58:00.000,22.0,3.198570993845351e-06
379,8509,202307061032,741913380.0,True,5.638155471388018e-06,5.25591212863219e-06,5.333453373168595e-06,4.923502274323255e-06,True,True,True,True,False,True,True,M1.0,1.0635524e-05,2023-07-06T10:49:00.000,17.0,3.3527487630635733e-06
381,8513,202307070617,741983220.0,False,2.406146813882515e-05,1.9012693883269094e-05,1.9633325791801326e-05,1.56759524543304e-05,True,True,True,True,True,True,True,M4.0,4.0558723e-05,2023-07-07T06:29:00.000,12.0,1.5650247178200516e-06
382,8537,202307100329,742232580.0,False,2.3652253730688244e-05,2.3205320758279413e-05,2.3652253730688244e-05,2.3439162760041654e-05,True,True,True,True,True,True,True,M2.3,2.3619104e-05,2023-07-10T03:55:00.000,26.0,3.288388825239963e-06
383,8547,202307102206,742299420.0,True,1.017606700770557e-05,8.606588380644098e-06,8.76446210895665e-06,7.680566341150552e-06,True,True,True,True,True,True,True,M1.4,1.4950536e-05,2023-07-10T22:18:00.000,12.0,2.426583932901849e-06
384,8556,202307111419,742357920.0,False,1.5041337064758409e-05,1.2752435395668726e-05,1.3142906936991494e-05,1.1068225830968004e-05,True,True,True,True,True,True,True,M2.0,2.000503e-05,2023-07-11T14:35:00.000,16.0,4.160297066846397e-06
385,8557,202307111602,742363980.0,False,1.0637838386173826e-05,1.0217724593530875e-05,1.017788872559322e-05,1.0052198376797605e-05,True,True,True,True,True,True,True,M1.1,1.1661189e-05,2023-07-11T16:12:00.000,10.0,6.754993137292331e-06
386,8558,202307111751,742370400.0,False,6.829782796557993e-05,5.889263775316067e-05,6.412003131117672e-05,4.8132718802662566e-05,True,True,True,True,True,True,True,M6.8,6.8270085e-05,2023-07-11T18:08:00.000,17.0,4.9003529056790285e-06
387,8559,202307111920,742375440.0,False,1.0431227565277368e-05,9.814560144150164e-06,9.911844244925305e-06,9.37810636969516e-06,True,True,True,True,True,True,True,M1.0,1.0930924e-05,2023-07-11T19:29:00.000,9.0,7.261911832756596e-06
388,8560,202307112204,742385580.0,False,3.4024986234726384e-05,2.9643948437296785e-05,3.0500556022161618e-05,2.6413306841277517e-05,True,True,True,True,True,True,True,M5.8,5.8560527e-05,2023-07-11T22:15:00.000,11.0,5.808088644698728e-06
389,8561,202307112334,742390560.0,False,9.803445209399797e-06,9.438113920623437e-06,9.447263437323272e-06,9.193771802529227e-06,True,True,True,True,True,True,True,M1.2,1.25155875e-05,2023-07-11T23:37:00.000,3.0,7.334211204579333e-06
390,8562,202307120021,742393620.0,False,1.4056043255550321e-05,1.1816301594080869e-05,1.226423501066165e-05,1.0228635801468045e-05,True,True,True,True,True,True,True,M1.4,1.47925675e-05,2023-07-12T00:31:00.000,10.0,7.029618245724123e-06
392,8564,202307120431,742409040.0,True,1.246051033376716e-05,1.0429276699142065e-05,1.0705260137910955e-05,9.081560165213887e-06,True,True,True,True,True,True,True,M1.3,1.3423998e-05,2023-07-12T04:45:00.000,14.0,4.001661181973759e-06
393,8565,202307120510,742410840.0,True,9.602194040780887e-06,8.429122317465954e-06,8.657829312141985e-06,7.571471087430837e-06,True,True,True,True,True,True,True,M1.3,1.3514397e-05,2023-07-12T05:14:00.000,4.0,5.976358806947246e-06
395,8569,202307120849,742423980.0,False,1.90827722690301e-05,1.2972860531590413e-05,1.263565536646638e-05,1.0202729754382744e-05,True,True,True,True,True,True,True,M6.9,6.971211e-05,2023-07-12T08:55:00.000,6.0,5.4383472161134705e-06
396,8590,202307131855,742547640.0,False,2.0817475160583854e-05,1.921819603012409e-05,1.9642897314042784e-05,1.7908298104885034e-05,True,True,True,True,True,True,True,M2.1,2.1225631e-05,2023-07-13T19:20:00.000,25.0,5.624520326819038e-06
397,8606,202307150721,742678380.0,False,2.933331961685326e-05,2.821270754793659e-05,2.8667767765000463e-05,2.671481888683047e-05,True,True,True,True,True,True,True,M2.9,2.9322193e-05,2023-07-15T07:41:00.000,20.0,1.8803413013301906e-06
398,8607,202307150817,742680120.0,True,3.7429110761877382e-06,3.158479785270174e-06,3.2099246709549334e-06,2.822199348884169e-06,False,False,False,False,False,False,False,C4.6,4.612688e-06,2023-07-15T08:26:00.000,9.0,2.5398160232725786e-06
400,8609,202307151005,742687740.0,True,1.5941855053824838e-06,1.547608349028451e-06,1.5541197626589565e-06,1.508077843936917e-06,False,False,False,False,False,True,False,M2.2,2.2109876e-05,2023-07-15T10:10:00.000,5.0,2.5604908842069563e-06
401,8626,202307161457,742792080.0,True,2.0888658127660165e-06,1.8004238881985657e-06,1.7838791563917766e-06,1.6859625020515523e-06,False,False,False,False,False,True,False,M1.7,1.7931845e-05,2023-07-16T15:08:00.000,11.0,1.4538511550199473e-06
402,8628,202307161736,742801260.0,False,3.911929889000021e-05,3.4819706343114376e-05,3.6162273318041116e-05,3.074216874665581e-05,True,True,True,True,True,True,True,M4.0,4.0221756e-05,2023-07-16T17:46:00.000,10.0,1.9007078435606672e-06
404,8652,202307172241,742906080.0,False,2.641300488903653e-05,2.3316119040828198e-05,2.4092518287943676e-05,2.072410461551044e-05,True,True,True,True,True,True,True,,2.7232702e-05,2023-07-17T22:54:00.000,13.0,4.955857093591476e-06
405,8653,202307172317,742906920.0,True,1.0186887266172562e-05,8.733709364605602e-06,8.864784831530415e-06,7.877965799707454e-06,True,True,True,True,True,True,True,,5.0118208e-05,2023-07-17T23:34:00.000,17.0,7.1213817136595026e-06
406,8654,202307172337,742908120.0,False,5.012128531234339e-05,4.973530303686857e-05,5.012128531234339e-05,4.967240965925157e-05,True,True,True,True,True,True,True,M5.7,5.72082e-05,2023-07-18T00:06:00.000,29.0,4.889050615020096e-05
407,8655,202307180606,742932480.0,False,6.0778165789088234e-06,5.534653610084206e-06,5.577863248618087e-06,5.2224527280486654e-06,True,True,True,True,True,True,True,C8.3,8.385508e-06,2023-07-18T06:10:00.000,4.0,6.005832347000251e-06
408,8656,202307180645,742935360.0,True,6.581787147297291e-06,5.96300242250436e-06,5.960662747384049e-06,5.644883003697032e-06,True,True,True,True,True,True,True,M1.5,1.5264264e-05,2023-07-18T06:56:00.000,11.0,4.349275968706934e-06
409,8664,202307181932,742981440.0,True,1.2926921954203863e-05,1.2507204701250885e-05,1.248026001121616e-05,1.2272048479644582e-05,True,True,True,True,True,True,True,M1.3,1.3422655e-05,2023-07-18T19:48:00.000,16.0,4.823237759410404e-06
410,8665,202307182000,742981500.0,True,1.2667373994190712e-05,1.237998094438808e-05,1.2398111721267924e-05,1.2178312317701057e-05,True,True,True,True,True,True,True,M1.4,1.4663434e-05,2023-07-18T20:05:00.000,5.0,1.1854419426526874e-05
411,8666,202307182016,742982460.0,False,1.3602394574263599e-05,1.287745817535324e-05,1.2949500160175376e-05,1.242371308762813e-05,True,True,True,True,True,True,True,M2.1,2.1471305e-05,2023-07-18T20:27:00.000,11.0,1.1797750630648807e-05
412,8674,202307191049,743036280.0,True,3.4390695873298682e-06,3.254339162594988e-06,3.4390695873298682e-06,3.221735141778481e-06,False,False,False,False,False,True,False,M1.4,1.4046566e-05,2023-07-19T10:57:00.000,8.0,1.909859292936744e-06
413,8680,202307191704,743059020.0,False,3.813013609033078e-05,3.6393717891769484e-05,3.719183223438449e-05,3.4379816497676075e-05,True,True,True,True,True,True,True,M3.8,3.8070546e-05,2023-07-19T17:25:00.000,21.0,1.9858559880958637e-06
414,8692,202307220312,743268540.0,False,3.191235373378731e-05,3.0046583560761064e-05,3.085277057834901e-05,2.8078493414795958e-05,True,True,True,True,True,True,True,M3.1,3.191189e-05,2023-07-22T03:37:00.000,25.0,1.3650288792632637e-06
415,8693,202307220412,743270220.0,True,9.363167009723838e-06,8.65829406393459e-06,8.843413525028154e-06,8.11367226560833e-06,True,True,True,True,True,True,True,M1.0,1.003793e-05,2023-07-22T04:16:00.000,4.0,7.488512437703321e-06
416,8708,202307250136,743522220.0,False,1.534699185867794e-05,1.4764783372811507e-05,1.4966284652473405e-05,1.413253994542174e-05,True,True,True,True,True,True,True,,1.5381378e-05,2023-07-25T02:03:00.000,27.0,2.3724740003672196e-06
417,8715,202307252108,743591700.0,True,9.888907698041294e-06,8.899845852283761e-06,8.91093623067718e-06,8.253234227595385e-06,True,True,True,True,True,True,True,,1.657066e-05,2023-07-25T21:16:00.000,8.0,3.3901544611580903e-06
418,8720,202307260421,743617800.0,True,6.463410954893334e-06,5.831676389789209e-06,5.9185731515754014e-06,5.426775260275463e-06,True,True,True,True,True,True,True,M1.2,1.2478365e-05,2023-07-26T04:28:00.000,7.0,7.732067388133146e-06
419,8725,202307261017,743639460.0,False,4.327617716626264e-05,3.599460978875868e-05,3.735343489097431e-05,3.064865086344071e-05,True,True,True,True,True,True,True,M4.6,4.633325e-05,2023-07-26T10:37:00.000,20.0,1.9427354800427565e-06
420,8729,202307261550,743659080.0,True,1.2266755220480263e-05,1.100411554944003e-05,1.1238750630582217e-05,1.077802062354749e-05,True,True,True,True,True,True,True,M2.0,2.0603446e-05,2023-07-26T15:59:00.000,9.0,3.8381826925615314e-06
422,8740,202307270944,743723340.0,True,1.2696174053417053e-05,1.0430349902890157e-05,1.0870468031498604e-05,8.749474545766134e-06,True,True,True,True,True,True,True,M1.9,1.9847486e-05,2023-07-27T09:51:00.000,7.0,6.678316367469961e-06
423,8747,202307272204,743768220.0,False,1.6945838069659658e-05,1.655176492931787e-05,1.7265076166950166e-05,1.6848700397531502e-05,True,True,True,True,True,True,True,M1.7,1.752843e-05,2023-07-27T22:34:00.000,30.0,5.040947144152597e-06
424,8755,202307281539,743831160.0,False,4.111761518288404e-05,4.0699727833271027e-05,4.111761518288404e-05,4.069204442203045e-05,True,True,True,True,True,True,True,M4.1,4.1089203e-05,2023-07-28T15:58:00.000,19.0,1.5393284229503479e-06
425,8762,202307291611,743919780.0,True,1.0193923117185477e-05,9.096040230360813e-06,9.212890290655196e-06,8.351999895239715e-06,True,True,True,True,True,True,True,M1.4,1.4376925e-05,2023-07-29T16:24:00.000,13.0,2.413991978755803e-06
426,8767,202307300801,743976720.0,True,1.8662147340364754e-05,1.7870326701086015e-05,1.8662147340364754e-05,1.6460269762319513e-05,True,True,True,True,True,True,True,M1.8,1.853159e-05,2023-07-30T08:14:00.000,13.0,1.5122615195650724e-06
427,8768,202307300818,743976720.0,True,1.8662147340364754e-05,1.7870326701086015e-05,1.8662147340364754e-05,1.6460269762319513e-05,True,True,True,True,True,True,True,M1.8,1.8658828e-05,2023-07-30T08:22:00.000,4.0,1.6803645848995075e-05
428,8774,202307310842,744065700.0,False,1.6139851140906103e-05,1.4516294868371915e-05,1.4934803402866237e-05,1.3101735930831637e-05,True,True,True,True,True,True,True,M1.6,1.6997466e-05,2023-07-31T09:00:00.000,18.0,3.9392048165609594e-06
429,8782,202308010427,744136860.0,False,2.162645432690624e-05,2.081589809677098e-05,2.096034586429596e-05,1.999957203224767e-05,True,True,True,True,True,True,True,M2.2,2.2095008e-05,2023-08-01T04:47:00.000,20.0,3.620178631535964e-06
430,8783,202308010530,744138900.0,True,8.886862815415952e-06,8.471383807773236e-06,9.128047167905606e-06,8.552950021112338e-06,True,True,True,True,True,True,True,M1.3,1.350789e-05,2023-08-01T05:37:00.000,7.0,8.845456250128336e-06
431,8784,202308010628,744143940.0,False,3.4697608498390764e-05,3.3049796911654994e-05,3.590369669836946e-05,3.43643368978519e-05,True,True,True,True,True,True,True,M3.6,3.655864e-05,2023-08-01T06:57:00.000,29.0,4.130906745558605e-06
432,8785,202308010903,744152880.0,True,8.858635737851728e-06,8.510058250976726e-06,8.575740139349364e-06,8.261858056357596e-06,True,True,True,True,True,True,True,M1.5,1.5707014e-05,2023-08-01T09:09:00.000,6.0,3.1264985409507062e-06
433,8788,202308011402,744170940.0,True,1.0699889571696986e-05,1.019799219648121e-05,1.014010194921866e-05,9.897556992655154e-06,True,True,True,True,True,True,True,M1.4,1.4365779e-05,2023-08-01T14:09:00.000,7.0,2.6741809051600285e-06
435,8795,202308020803,744235920.0,True,9.128894816967659e-06,8.284366231237072e-06,8.418736797466408e-06,7.707715667493176e-06,True,True,True,True,True,True,True,M1.3,1.3558652e-05,2023-08-02T08:12:00.000,9.0,5.0202202146465424e-06
436,8798,202308021446,744259920.0,True,4.553954113362124e-06,4.4537596295413096e-06,4.553954113362124e-06,4.370133410702692e-06,False,False,False,False,False,True,False,M1.7,1.7011036e-05,2023-08-02T14:52:00.000,6.0,3.050049144803779e-06
437,8800,202308021909,744274980.0,True,1.1476930012577213e-05,1.082638027583016e-05,1.1476930012577213e-05,1.117039573728107e-05,True,True,True,True,True,True,True,M1.1,1.1452865e-05,2023-08-02T19:14:00.000,5.0,8.101893399725668e-06
438,8814,202308031147,744335640.0,True,4.855678071180591e-06,3.690626499519567e-06,3.797571707764291e-06,3.0161345421220176e-06,False,False,False,False,False,True,False,M2.0,2.0773798e-05,2023-08-03T11:55:00.000,8.0,2.120215413015103e-06
439,8825,202308040338,744393600.0,False,1.903674638015218e-05,1.8787291992339306e-05,1.9182698451913893e-05,1.8990811440744437e-05,True,True,True,True,True,True,True,M1.9,1.99301e-05,2023-08-04T04:24:00.000,46.0,2.060143287963001e-06
440,8834,202308050923,744498480.0,True,8.886198884283658e-06,8.788286322669592e-06,8.76689409778919e-06,8.75173009262653e-06,True,True,True,True,True,True,True,M2.1,2.1335038e-05,2023-08-05T09:36:00.000,13.0,8.604027243563905e-06
441,8840,202308052145,744544800.0,False,0.00013535100151784718,0.00011200684821233153,0.00014818170166108757,0.00012999784667044878,True,True,True,True,True,True,True,X1.6,0.00016174681,2023-08-05T22:21:00.000,36.0,3.121840563835576e-06
442,8843,202308061820,744618660.0,False,5.5097098083933815e-05,5.2444825996644795e-05,5.440787208499387e-05,4.83780495414976e-05,True,True,True,True,True,True,True,M5.5,5.507334e-05,2023-08-06T18:40:00.000,20.0,1.2049690667481627e-06
